0.55
-0.4975,0.000930844,0.00030578
-0.4925,0.000968749,0.000304626
-0.4875,0.000277294,0.000158015
-0.4825,0.00046136,0.000200524
-0.4775,0.000311091,0.000160531
-0.4725,0.000342065,0.000166052
-0.4675,0.000302105,0.000151165
-0.4625,0.000558318,0.000202097
-0.4575,0.000594898,0.000205589
-0.4525,0.000299472,0.000143525
-0.4475,0.000352685,0.000153848
-0.4425,0.000566821,0.000192105
-0.4375,0.000270942,0.000130876
-0.4325,0.000567915,0.000187349
-0.4275,0.000552734,0.000183022
-0.4225,0.000317661,0.000137716
-0.4175,0.000625019,0.00019229
-0.4125,0.000423825,0.000157929
-0.4075,0.000758624,0.000210405
-0.4025,0.00052553,0.000174956
-0.3975,0.000390219,0.000150602
-0.3925,0.00116086,0.000259672
-0.3875,0.000812452,0.000217248
-0.3825,0.000687116,0.00019992
-0.3775,0.000910694,0.00023025
-0.3725,0.000954311,0.000235856
-0.3675,0.000985379,0.000239981
-0.3625,0.000646279,0.000194393
-0.3575,0.000816979,0.00021876
-0.3525,0.000821968,0.000219849
-0.3475,0.000802882,0.000217503
-0.3425,0.000704753,0.000204053
-0.3375,0.000901265,0.00023087
-0.3325,0.00121723,0.000268697
-0.3275,0.001031,0.000247602
-0.3225,0.000958732,0.000239103
-0.3175,0.00119745,0.000267602
-0.3125,0.000631422,0.0001944
-0.3075,0.00101267,0.00024655
-0.3025,0.00124866,0.000274073
-0.2975,0.000926116,0.000236369
-0.2925,0.00098087,0.000243426
-0.2875,0.000672688,0.000201861
-0.2825,0.000488599,0.000172234
-0.2775,0.000833118,0.00022514
-0.2725,0.000989274,0.000245591
-0.2675,0.00101827,0.000249432
-0.2625,0.00135993,0.000288624
-0.2575,0.00091233,0.000236765
-0.2525,0.00108868,0.000258916
-0.2475,0.000902089,0.000236066
-0.2425,0.00148885,0.00030369
-0.2375,0.00108034,0.000259003
-0.2325,0.000972736,0.000245992
-0.2275,0.00146874,0.000302809
-0.2225,0.00103946,0.00025522
-0.2175,0.00138179,0.000294429
-0.2125,0.00133645,0.000290073
-0.2075,0.00157521,0.000315164
-0.2025,0.0013434,0.000291519
-0.1975,0.00147904,0.000306198
-0.1925,0.00123856,0.000280534
-0.1875,0.00151561,0.000310759
-0.1825,0.00146412,0.000305807
-0.1775,0.00101984,0.000255645
-0.1725,0.00112075,0.000268447
-0.1675,0.00110902,0.000268474
-0.1625,0.00192332,0.000356941
-0.1575,0.00169854,0.000338627
-0.1525,0.001803,0.000352155
-0.1475,0.00239843,0.000410283
-0.1425,0.00176495,0.000355508
-0.1375,0.00211899,0.000393454
-0.1325,0.00225626,0.000410427
-0.1275,0.00238727,0.000426561
-0.1225,0.00316042,0.000495953
-0.1175,0.00375041,0.000546234
-0.1125,0.00358574,0.000539958
-0.1075,0.00391231,0.000570864
-0.1025,0.00298152,0.000504112
-0.0975,0.00427986,0.000611355
-0.0925,0.00473343,0.000650557
-0.0875,0.00474166,0.000659609
-0.0825,0.00514264,0.000695742
-0.0775,0.00617339,0.000772292
-0.0725,0.00746438,0.000860507
-0.0675,0.00983375,0.000999992
-0.0625,0.00972938,0.000997585
-0.0575,0.0140951,0.00120212
-0.0525,0.0155403,0.0012644
-0.0475,0.0203461,0.00144758
-0.0425,0.0284013,0.0017139
-0.0375,0.0443359,0.00214338
-0.0325,0.0716228,0.00272708
-0.0275,0.117324,0.00349474
-0.0225,0.207451,0.00465268
-0.0175,0.381087,0.00631538
-0.0125,0.689638,0.00850405
-0.0075,1.12889,0.0108975
-0.0025,1.51455,0.0126367
0.0025,1.54611,0.0127873
0.0075,1.04964,0.0105452
0.0125,0.482694,0.0071586
0.0175,0.20952,0.00472369
0.0225,0.104177,0.00333482
0.0275,0.0620253,0.00257663
0.0325,0.0423535,0.00213187
0.0375,0.0283037,0.00174437
0.0425,0.0222665,0.00154906
0.0475,0.0176157,0.00137948
0.0525,0.0153521,0.00128922
0.0575,0.0141809,0.00124059
0.0625,0.0108993,0.00108928
0.0675,0.0108818,0.00108962
0.0725,0.0101503,0.0010535
0.0775,0.00767628,0.000917212
0.0825,0.00826235,0.000952726
0.0875,0.00685133,0.000868771
0.0925,0.00526893,0.000762726
0.0975,0.00437248,0.000695231
0.1025,0.00297674,0.00057454
0.1075,0.00364368,0.000636265
0.1125,0.00306294,0.000583901
0.1175,0.00415721,0.00068128
0.1225,0.00345634,0.000621602
0.1275,0.00276528,0.000556939
0.1325,0.00224797,0.000502627
0.1375,0.0034584,0.000620456
0.1425,0.00318554,0.000590114
0.1475,0.00276515,0.000544567
0.1525,0.00244318,0.000507401
0.1575,0.00217784,0.000474828
0.1625,0.00220756,0.00047406
0.1675,0.0026029,0.000510468
0.1725,0.00168156,0.000406945
0.1775,0.0024833,0.000490535
0.1825,0.00180679,0.000414982
0.1875,0.00132878,0.000353257
0.1925,0.00259911,0.000490132
0.1975,0.00152165,0.000372197
0.2025,0.00147944,0.000364332
0.2075,0.00172879,0.000390899
0.2125,0.00151338,0.000363145
0.2175,0.00202195,0.000416497
0.2225,0.0020832,0.000419982
0.2275,0.00140166,0.000342078
0.2325,0.00172769,0.000377307
0.2375,0.00370234,0.000548382
0.2425,0.00454038,0.000603592
0.2475,0.00200454,0.000398662
0.2525,0.00103905,0.000287247
0.2575,0.00133827,0.000326216
0.2625,0.000997927,0.000282173
0.2675,0.00133047,0.000325987
0.2725,0.00166865,0.000365651
0.2775,0.00141115,0.000336462
0.2825,0.00138246,0.000333478
0.2875,0.00112787,0.000301666
0.2925,0.00128984,0.000322823
0.2975,0.00160828,0.000360753
0.3025,0.00117499,0.000308855
0.3075,0.00123599,0.000317107
0.3125,0.00181113,0.000384918
0.3175,0.00163248,0.000368904
0.3225,0.000962145,0.000286541
0.3275,0.000955709,0.000288921
0.3325,0.00126886,0.000336699
0.3375,0.000939603,0.000293332
0.3425,0.0010085,0.000307595
0.3475,0.00083409,0.0002834
0.3525,0.000766948,0.000275199
0.3575,0.000949343,0.000310242
0.3625,0.000921389,0.00031
0.3675,0.000953015,0.000319871
0.3725,0.000784041,0.000294674
0.3775,0.000932407,0.000326541
0.3825,0.00133366,0.000396864
0.3875,0.000499826,0.000247443
0.3925,0.000886968,0.000335799
0.3975,0.000974889,0.000357665
0.4025,0.000368374,0.000220936
0.4075,0.000560816,0.000274209
0.4125,0.000651247,0.000296726
0.4175,0.000933551,0.000357924
0.4225,0.00123184,0.000413515
0.4275,0.00062251,0.000295665
0.4325,0.00071807,0.000319569
0.4375,0.000682457,0.000314791
0.4425,0.000797011,0.000343678
0.4475,0.00074687,0.000337121
0.4525,0.00152853,0.000486943
0.4575,0.000968967,0.000395231
0.4625,0.00115534,0.000437032
0.4675,0.00155177,0.000517266
0.4725,0.000734431,0.000364045
0.4775,0.000905445,0.000408701
0.4825,0.000771133,0.000384553
0.4875,0.000690324,0.000372837
0.4925,0.000519614,0.000329693
0.4975,0.000453658,0.000314048
0.65
-0.4975,0.000613294,0.000248
-0.4925,0.000684164,0.000256537
-0.4875,0.000615958,0.000236771
-0.4825,0.000780067,0.000260265
-0.4775,0.000581615,0.000219594
-0.4725,0.000413604,0.000182113
-0.4675,0.000371845,0.000168998
-0.4625,0.000222336,0.000128374
-0.4575,0.000499684,0.000188516
-0.4525,0.000757438,0.000228525
-0.4475,0.000411919,0.00016579
-0.4425,0.000450236,0.000170759
-0.4375,0.000606502,0.000195325
-0.4325,0.000446461,0.000166172
-0.4275,0.000483873,0.000171078
-0.4225,0.000297043,0.000133113
-0.4175,0.000517951,0.000174931
-0.4125,0.000317031,0.000136493
-0.4075,0.000447012,0.000161478
-0.4025,0.000361079,0.000145067
-0.3975,0.000623994,0.000190438
-0.3925,0.00053808,0.000176809
-0.3875,0.00102648,0.000244189
-0.3825,0.00071542,0.000204052
-0.3775,0.000641785,0.000193515
-0.3725,0.000437673,0.000161426
-0.3675,0.000329453,0.00014179
-0.3625,0.000341861,0.000146085
-0.3575,0.000722668,0.000215033
-0.3525,0.000847963,0.000236221
-0.3475,0.000868757,0.000242286
-0.3425,0.000796654,0.000235267
-0.3375,0.000893076,0.000252487
-0.3325,0.000767119,0.000237436
-0.3275,0.000685808,0.000227913
-0.3225,0.00058528,0.000213816
-0.3175,0.0009432,0.000275889
-0.3125,0.000906252,0.000274639
-0.3075,0.000601493,0.000227633
-0.3025,0.000695946,0.000249038
-0.2975,0.00108152,0.000312728
-0.2925,0.00119762,0.000329513
-0.2875,0.000530211,0.000219582
-0.2825,0.000441411,0.000200516
-0.2775,0.000558029,0.000225727
-0.2725,0.000646685,0.000243079
-0.2675,0.000719156,0.000256695
-0.2625,0.00097367,0.000299139
-0.2575,0.000577106,0.000230635
-0.2525,0.000999102,0.000303865
-0.2475,0.00158477,0.000383146
-0.2425,0.00101717,0.000307454
-0.2375,0.00131906,0.000350499
-0.2325,0.000831738,0.000278675
-0.2275,0.00101203,0.000307795
-0.2225,0.00133137,0.000353686
-0.2175,0.000692996,0.000255378
-0.2125,0.00108355,0.000319884
-0.2075,0.000884815,0.000289328
-0.2025,0.000655174,0.000249314
-0.1975,0.00109238,0.000322245
-0.1925,0.00142524,0.000368505
-0.1875,0.00149705,0.000378276
-0.1825,0.00156951,0.000387843
-0.1775,0.00102984,0.00031462
-0.1725,0.00132421,0.000357265
-0.1675,0.00208237,0.000445335
-0.1625,0.00100841,0.000306837
-0.1575,0.00212612,0.000441198
-0.1525,0.00264989,0.000487758
-0.1475,0.00225118,0.000445548
-0.1425,0.00184198,0.000399347
-0.1375,0.00240768,0.000452414
-0.1325,0.0020391,0.000412884
-0.1275,0.00288761,0.000487029
-0.1225,0.00292276,0.000485576
-0.1175,0.00330545,0.000512184
-0.1125,0.00307971,0.00049006
-0.1075,0.00288468,0.000470846
-0.1025,0.00336723,0.000504508
-0.0975,0.00414553,0.000555585
-0.0925,0.00525517,0.000620463
-0.0875,0.00537672,0.000623021
-0.0825,0.00631143,0.000669987
-0.0775,0.00703699,0.000702225
-0.0725,0.00710833,0.00070067
-0.0675,0.00835205,0.000754667
-0.0625,0.0104615,0.000844734
-0.0575,0.0133992,0.000956929
-0.0525,0.0154739,0.0010302
-0.0475,0.0195107,0.00115739
-0.0425,0.0286196,0.00140471
-0.0375,0.0394357,0.00165055
-0.0325,0.064181,0.00210778
-0.0275,0.11065,0.0027711
-0.0225,0.200082,0.0037308
-0.0175,0.365786,0.00505198
-0.0125,0.660264,0.00679402
-0.0075,1.07572,0.00868571
-0.0025,1.50519,0.010286
0.0025,1.56383,0.0105005
0.0075,1.1037,0.00882916
0.0125,0.528456,0.00611591
0.0175,0.222026,0.00397031
0.0225,0.110192,0.00280034
0.0275,0.0634452,0.00212777
0.0325,0.0385646,0.00166097
0.0375,0.0274697,0.00140315
0.0425,0.0226619,0.00127598
0.0475,0.0160396,0.00107478
0.0525,0.0146172,0.00102716
0.0575,0.0110163,0.000892729
0.0625,0.0110221,0.000894478
0.0675,0.010932,0.000892599
0.0725,0.00909751,0.000823522
0.0775,0.0103806,0.000891517
0.0825,0.00798988,0.000793207
0.0875,0.00730659,0.000769617
0.0925,0.00615444,0.000716536
0.0975,0.00567301,0.000698096
0.1025,0.00535956,0.000689377
0.1075,0.00447201,0.000639612
0.1125,0.00426319,0.000634595
0.1175,0.00346158,0.000581736
0.1225,0.00335561,0.000582584
0.1275,0.00428121,0.000670148
0.1325,0.00212021,0.000480369
0.1375,0.00288548,0.00056918
0.1425,0.00285854,0.000567968
0.1475,0.00219523,0.000498022
0.1525,0.00271089,0.000554267
0.1575,0.00349245,0.000629865
0.1625,0.00179515,0.000452132
0.1675,0.00200727,0.000478746
0.1725,0.00106007,0.000348386
0.1775,0.00196467,0.000474817
0.1825,0.00250541,0.000536667
0.1875,0.00218092,0.000501557
0.1925,0.00147567,0.000412993
0.1975,0.0017821,0.000454479
0.2025,0.00172544,0.000447812
0.2075,0.00172779,0.000448495
0.2125,0.00334493,0.000624819
0.2175,0.00187066,0.000467713
0.2225,0.00197862,0.000481722
0.2275,0.0013697,0.000401399
0.2325,0.00237236,0.000528871
0.2375,0.00303692,0.000598966
0.2425,0.00471238,0.000747581
0.2475,0.00228201,0.00052061
0.2525,0.00198566,0.000486361
0.2575,0.000972423,0.000340606
0.2625,0.0012982,0.000394141
0.2675,0.00176675,0.000460142
0.2725,0.00185304,0.000471872
0.2775,0.00127568,0.000391855
0.2825,0.00144517,0.000417632
0.2875,0.00120719,0.000382248
0.2925,0.00104642,0.000356135
0.2975,0.000746576,0.000301049
0.3025,0.000851596,0.000321972
0.3075,0.000941569,0.000338901
0.3125,0.000545518,0.000257862
0.3175,0.00135905,0.000402076
0.3225,0.00162463,0.000433959
0.3275,0.000626643,0.000266172
0.3325,0.000580236,0.000253059
0.3375,0.00112967,0.000348878
0.3425,0.00108839,0.000338535
0.3475,0.00117558,0.000348013
0.3525,0.000983635,0.000314889
0.3575,0.00109312,0.000328359
0.3625,0.000925118,0.00029916
0.3675,0.000918178,0.000295096
0.3725,0.00104687,0.000312531
0.3775,0.0013007,0.000345529
0.3825,0.000942976,0.000291853
0.3875,0.000783697,0.000264235
0.3925,0.000936072,0.00028705
0.3975,0.000853831,0.000273603
0.4025,0.00131684,0.000341106
0.4075,0.00120739,0.000328429
0.4125,0.00108206,0.00031278
0.4175,0.000902759,0.000287247
0.4225,0.00112566,0.000322494
0.4275,0.000834661,0.000279756
0.4325,0.000704832,0.000258617
0.4375,0.00072618,0.000264931
0.4425,0.00057022,0.000238054
0.4475,0.000661002,0.00025895
0.4525,0.00111854,0.000340612
0.4575,0.00158746,0.00041186
0.4625,0.000877311,0.000312517
0.4675,0.000607663,0.000266939
0.4725,0.000797757,0.000315797
0.4775,0.000553324,0.000270951
0.4825,0.00219413,0.000560504
0.4875,0.00123826,0.000434311
0.4925,0.00161508,0.00051498
0.4975,0.000957867,0.000411486
0.75
-0.4975,0.000176943,0.00013343
-0.4925,0.000558424,0.000230775
-0.4875,0.000471183,0.000207778
-0.4825,8.64672e-05,8.64673e-05
-0.4775,0.000334754,0.000167387
-0.4725,0.000411895,0.00018328
-0.4675,0.000528838,0.000206949
-0.4625,0.000239668,0.000138644
-0.4575,0.000294895,0.000154306
-0.4525,0.000324141,0.000161813
-0.4475,0.000282122,0.000152474
-0.4425,0.000193618,0.000126715
-0.4375,0.000789745,0.000257995
-0.4325,0.000264916,0.000151621
-0.4275,0.000279371,0.000158189
-0.4225,0.000499516,0.000211157
-0.4175,0.000306329,0.000164795
-0.4125,0.000260159,0.000151509
-0.4075,0.0001752,0.000123885
-0.4025,0.000197041,0.000131195
-0.3975,0.000521435,0.00021322
-0.3925,0.000601203,0.00022886
-0.3875,0.000423582,0.000192083
-0.3825,0.00051905,0.000212833
-0.3775,0.000443205,0.00019636
-0.3725,0.000286146,0.00015576
-0.3675,0.000520063,0.000207063
-0.3625,0.000599999,0.000219246
-0.3575,0.0004891,0.000195246
-0.3525,0.000757073,0.000239977
-0.3475,0.00103734,0.000277279
-0.3425,0.00074289,0.000231854
-0.3375,0.000655255,0.000215054
-0.3325,0.000494231,0.000184634
-0.3275,0.000749607,0.000224895
-0.3225,0.000505441,0.00018267
-0.3175,0.000675993,0.000208981
-0.3125,0.000775825,0.000221378
-0.3075,0.000440084,0.000165061
-0.3025,0.00070095,0.000206249
-0.2975,0.000601014,0.000190401
-0.2925,0.00062273,0.000193934
-0.2875,0.000967584,0.000242168
-0.2825,0.000427321,0.0001611
-0.2775,0.000697095,0.000205956
-0.2725,0.000931666,0.000238274
-0.2675,0.000633633,0.000196769
-0.2625,0.000845982,0.000227649
-0.2575,0.000755653,0.000215477
-0.2525,0.000933381,0.000239781
-0.2475,0.00107598,0.000257734
-0.2425,0.00103388,0.00025303
-0.2375,0.000805866,0.000223707
-0.2325,0.000893383,0.000235813
-0.2275,0.000943198,0.000242632
-0.2225,0.00127654,0.000282753
-0.2175,0.000585611,0.000191656
-0.2125,0.00103698,0.000255469
-0.2075,0.000837208,0.000229789
-0.2025,0.00133624,0.000290736
-0.1975,0.00129272,0.000286256
-0.1925,0.000593387,0.000194183
-0.1875,0.00144553,0.000303518
-0.1825,0.00171267,0.000330783
-0.1775,0.00158984,0.000319184
-0.1725,0.00167906,0.000328503
-0.1675,0.00131951,0.00029149
-0.1625,0.00148946,0.000310092
-0.1575,0.00185618,0.000346685
-0.1525,0.00205016,0.000364811
-0.1475,0.00133823,0.000295157
-0.1425,0.00260527,0.000412554
-0.1375,0.00221003,0.000380419
-0.1325,0.00240703,0.000397769
-0.1275,0.00184967,0.000349094
-0.1225,0.00225002,0.00038542
-0.1175,0.00221838,0.000383245
-0.1125,0.00342976,0.000477001
-0.1075,0.00356202,0.000488479
-0.1025,0.00337159,0.000483049
-0.0975,0.00410625,0.000543291
-0.0925,0.00372045,0.000527017
-0.0875,0.00389087,0.000549971
-0.0825,0.00615295,0.000706335
-0.0775,0.00606048,0.000716039
-0.0725,0.00787922,0.000834839
-0.0675,0.00813255,0.000868075
-0.0625,0.0111423,0.00104099
-0.0575,0.0132937,0.00116313
-0.0525,0.0148588,0.00123631
-0.0475,0.0215879,0.00149108
-0.0425,0.0279217,0.00169935
-0.0375,0.0451289,0.00216253
-0.0325,0.069781,0.00269179
-0.0275,0.117654,0.00349965
-0.0225,0.203345,0.00460639
-0.0175,0.374519,0.00626079
-0.0125,0.673289,0.00840266
-0.0075,1.07757,0.0106469
-0.0025,1.54177,0.0127499
0.0025,1.60644,0.0130344
0.0075,1.14374,0.0110078
0.0125,0.529187,0.00749538
0.0175,0.212515,0.00475731
0.0225,0.108198,0.00339853
0.0275,0.0625125,0.00258666
0.0325,0.0435113,0.00216081
0.0375,0.0284077,0.00174741
0.0425,0.0219679,0.00153867
0.0475,0.0154903,0.00129357
0.0525,0.0132335,0.00119692
0.0575,0.0102687,0.00105574
0.0625,0.00932645,0.00100774
0.0675,0.00836361,0.000953752
0.0725,0.00918921,0.000986302
0.0775,0.00923543,0.000973069
0.0825,0.00800056,0.000891902
0.0875,0.00650994,0.000792807
0.0925,0.00684885,0.000801532
0.0975,0.00573077,0.000722673
0.1025,0.00506205,0.000670308
0.1075,0.00502337,0.000658833
0.1125,0.00444382,0.000611685
0.1175,0.00332983,0.000523201
0.1225,0.00251727,0.000449246
0.1275,0.00262795,0.000453833
0.1325,0.00254624,0.000441551
0.1375,0.00204043,0.000391724
0.1425,0.00230899,0.000416813
0.1475,0.0019298,0.000381272
0.1525,0.00181088,0.00036991
0.1575,0.00224945,0.000412776
0.1625,0.00208517,0.000397883
0.1675,0.00276403,0.000458679
0.1725,0.00205233,0.000395759
0.1775,0.00172311,0.000363054
0.1825,0.00193644,0.000385245
0.1875,0.00168497,0.000359917
0.1925,0.00188567,0.000381184
0.1975,0.000835065,0.000253946
0.2025,0.00175594,0.000368774
0.2075,0.00147398,0.000338252
0.2125,0.00142102,0.000332592
0.2175,0.0020126,0.000396092
0.2225,0.00182238,0.000377581
0.2275,0.00144274,0.000336336
0.2325,0.00188327,0.000384815
0.2375,0.00252741,0.000446182
0.2425,0.00447994,0.0005951
0.2475,0.00266319,0.000459229
0.2525,0.00100182,0.000283684
0.2575,0.000737957,0.000247705
0.2625,0.000994666,0.000292769
0.2675,0.0007465,0.000258301
0.2725,0.000621168,0.000240199
0.2775,0.000455667,0.000209636
0.2825,0.00122418,0.000350843
0.2875,0.0013208,0.0003723
0.2925,0.000374641,0.000202617
0.2975,0.00124376,0.000377556
0.3025,0.000637359,0.000276745
0.3075,0.000870585,0.000325907
0.3125,0.000340434,0.000204048
0.3175,0.000944035,0.000340262
0.3225,0.000564561,0.000263387
0.3275,0.000750608,0.000304056
0.3325,0.00079771,0.000313642
0.3375,0.000990077,0.000350054
0.3425,0.00122291,0.000389513
0.3475,0.00163412,0.000450896
0.3525,0.000620827,0.000278298
0.3575,0.00062534,0.000279661
0.3625,0.00050182,0.00025091
0.3675,0.000653807,0.000287145
0.3725,0.000616253,0.000279356
0.3775,0.000808829,0.000320674
0.3825,0.000532168,0.000261119
0.3875,0.00044242,0.000238753
0.3925,0.000784681,0.000319736
0.3975,0.000620317,0.000285533
0.4025,0.000431414,0.000239035
0.4075,0.000610059,0.000285927
0.4125,0.00140921,0.000436914
0.4175,0.000557376,0.000276474
0.4225,0.000667459,0.00030406
0.4275,0.000444903,0.000250224
0.4325,0.000617811,0.000297296
0.4375,0.000416049,0.000244976
0.4425,0.00026446,0.000197277
0.4475,0.000811815,0.000351534
0.4525,0.000577906,0.000299817
0.4575,0.000432619,0.000263212
0.4625,0.000495857,0.000286328
0.4675,0.000689726,0.000338565
0.4725,0.000755378,0.000353949
0.4775,0.000852047,0.000375503
0.4825,0.000539425,0.00030189
0.4875,0.000774215,0.000362177
0.4925,0.000882857,0.000389632
0.4975,0.00108989,0.00043465
0.85
-0.4975,0.00058206,0.000253028
-0.4925,0.000592138,0.000258177
-0.4875,0.000465762,0.000230626
-0.4825,0.000670977,0.000279343
-0.4775,0.000768551,0.000304598
-0.4725,0.000624606,0.000269387
-0.4675,0.000267625,0.000168493
-0.4625,0.000392675,0.000196196
-0.4575,0.000422556,0.000195316
-0.4525,0.000409528,0.000185863
-0.4475,0.00042037,0.000181137
-0.4425,0.00054625,0.000199621
-0.4375,0.000369348,0.000158946
-0.4325,0.000101002,8.08465e-05
-0.4275,0.000402537,0.000156858
-0.4225,0.000363408,0.00014729
-0.4175,0.000224476,0.000115184
-0.4125,0.000352429,0.000143921
-0.4075,0.000257926,0.000122651
-0.4025,0.000571241,0.000182422
-0.3975,0.00075444,0.000209427
-0.3925,0.000448593,0.000161436
-0.3875,0.000306768,0.000133523
-0.3825,0.000840992,0.000221205
-0.3775,0.000574356,0.000182825
-0.3725,0.000548086,0.000178725
-0.3675,0.000424933,0.000157576
-0.3625,0.000360997,0.000145305
-0.3575,0.000399751,0.000152986
-0.3525,0.000341475,0.000141682
-0.3475,0.000522042,0.000175389
-0.3425,0.000660672,0.000197511
-0.3375,0.00105211,0.000249466
-0.3325,0.000376801,0.00014945
-0.3275,0.000715365,0.000206267
-0.3225,0.00077905,0.000215426
-0.3175,0.000471912,0.00016797
-0.3125,0.000544546,0.000180519
-0.3075,0.000309164,0.000136103
-0.3025,0.000863112,0.00022789
-0.2975,0.000711902,0.000207198
-0.2925,0.00075827,0.000214063
-0.2875,0.000989625,0.000245005
-0.2825,0.00100679,0.000247222
-0.2775,0.000520043,0.000177783
-0.2725,0.000828235,0.000224697
-0.2675,0.00113109,0.000262911
-0.2625,0.000987918,0.000246028
-0.2575,0.00084754,0.000228131
-0.2525,0.000774834,0.000218469
-0.2475,0.000750422,0.000215237
-0.2425,0.000830475,0.000226777
-0.2375,0.00079871,0.000222682
-0.2325,0.000879309,0.00023387
-0.2275,0.000884398,0.000235033
-0.2225,0.00109594,0.000261985
-0.2175,0.00112377,0.000265521
-0.2125,0.000959638,0.000246147
-0.2075,0.00100527,0.000257281
-0.2025,0.00117013,0.000285411
-0.1975,0.000759578,0.000236633
-0.1925,0.00166855,0.000361543
-0.1875,0.00138534,0.000340359
-0.1825,0.00121851,0.000330366
-0.1775,0.00166151,0.00039811
-0.1725,0.00119895,0.000340036
-0.1675,0.00120251,0.000340687
-0.1625,0.00131315,0.000356711
-0.1575,0.00181011,0.000419433
-0.1525,0.00198578,0.00043971
-0.1475,0.00116279,0.000336933
-0.1425,0.00170684,0.000408923
-0.1375,0.00207876,0.000451875
-0.1325,0.00185932,0.000428135
-0.1275,0.00248675,0.000495732
-0.1225,0.00283489,0.000529845
-0.1175,0.00186935,0.000431015
-0.1125,0.00249873,0.000498686
-0.1075,0.00346948,0.000586422
-0.1025,0.00401982,0.000618306
-0.0975,0.00392839,0.000598378
-0.0925,0.00445688,0.000624161
-0.0875,0.00474923,0.000632099
-0.0825,0.00597478,0.000695719
-0.0775,0.00483486,0.000614672
-0.0725,0.00566553,0.000653756
-0.0675,0.00767863,0.000748468
-0.0625,0.00918088,0.000805317
-0.0575,0.00910961,0.000791033
-0.0525,0.0141135,0.000983878
-0.0475,0.017527,0.001097
-0.0425,0.0277401,0.00138307
-0.0375,0.0362165,0.00158175
-0.0325,0.0542282,0.00193741
-0.0275,0.0924555,0.00253303
-0.0225,0.165714,0.00339529
-0.0175,0.308438,0.00463909
-0.0125,0.557103,0.00624073
-0.0075,0.921641,0.00803961
-0.0025,1.2999,0.00955887
0.0025,1.42699,0.0100306
0.0075,1.04646,0.0085972
0.0125,0.504581,0.00597604
0.0175,0.208546,0.00384789
0.0225,0.101111,0.0026825
0.0275,0.0608387,0.00208356
0.0325,0.035382,0.00159096
0.0375,0.0245848,0.00132738
0.0425,0.0201115,0.00120203
0.0475,0.0148464,0.00103402
0.0525,0.0121268,0.000935576
0.0575,0.0108469,0.000885945
0.0625,0.00805997,0.000764903
0.0675,0.00693149,0.000710108
0.0725,0.0067844,0.000703244
0.0775,0.00686211,0.000708054
0.0825,0.00628381,0.000678405
0.0875,0.005352,0.000626986
0.0925,0.00570687,0.000648044
0.0975,0.00431358,0.000567755
0.1025,0.00389856,0.000552635
0.1075,0.00458847,0.00061443
0.1125,0.00351407,0.000551656
0.1175,0.00336319,0.000554958
0.1225,0.00258394,0.000500295
0.1275,0.00197363,0.000450793
0.1325,0.00207534,0.000477072
0.1375,0.0019293,0.000466118
0.1425,0.00210009,0.000486883
0.1475,0.00143075,0.000402119
0.1525,0.000888905,0.00031742
0.1575,0.00153029,0.000416857
0.1625,0.00156944,0.000422791
0.1675,0.00116591,0.000364884
0.1725,0.00157613,0.000424743
0.1775,0.00198403,0.0004771
0.1825,0.00098162,0.000335943
0.1875,0.00189959,0.000468092
0.1925,0.00191733,0.000470738
0.1975,0.000757973,0.000296398
0.2025,0.00140424,0.00040386
0.2075,0.000784454,0.000302257
0.2125,0.00136275,0.000398781
0.2175,0.00107941,0.000355284
0.2225,0.001309,0.000391792
0.2275,0.00128598,0.000388972
0.2325,0.00188087,0.000470995
0.2375,0.00204403,0.000491409
0.2425,0.00350879,0.000645029
0.2475,0.00225124,0.000517086
0.2525,0.000767496,0.000299672
0.2575,0.000700795,0.000280204
0.2625,0.000713807,0.000277251
0.2675,0.00112595,0.000341306
0.2725,0.000887381,0.000297385
0.2775,0.000807025,0.000278457
0.2825,0.000905207,0.000289923
0.2875,0.000972868,0.000295652
0.2925,0.00103877,0.000300551
0.2975,0.00064889,0.000233812
0.3025,0.000505678,0.000203459
0.3075,0.00100602,0.000286047
0.3125,0.000691903,0.000237586
0.3175,0.000723776,0.000243202
0.3225,0.00039559,0.000180012
0.3275,0.00119477,0.00031329
0.3325,0.000739187,0.000246576
0.3375,0.000861408,0.000266591
0.3425,0.000377042,0.000176579
0.3475,0.000439205,0.00019079
0.3525,0.000723331,0.000245223
0.3575,0.000652764,0.000233203
0.3625,0.000226292,0.000137615
0.3675,0.000859586,0.000268655
0.3725,0.00065396,0.000234942
0.3775,0.000455219,0.000196455
0.3825,0.000398953,0.000184565
0.3875,0.000527732,0.000213034
0.3925,0.000823822,0.000267393
0.3975,0.000440042,0.000196305
0.4025,0.000327167,0.000169991
0.4075,0.000760664,0.00026074
0.4125,0.000476244,0.000207503
0.4175,0.00122663,0.000339922
0.4225,0.000785331,0.000279667
0.4275,0.000690383,0.000269679
0.4325,0.000663339,0.000271833
0.4375,0.000439955,0.000228717
0.4425,0.000860879,0.000332723
0.4475,0.00107976,0.000385632
0.4525,0.00104416,0.000395489
0.4575,0.000898919,0.000378866
0.4625,0.000779019,0.000358941
0.4675,0.000476738,0.000285942
0.4725,0.000191915,0.000185532
0.4775,0.000478144,0.000297107
0.4825,0.0008357,0.000401181
0.4875,0.000676635,0.000370166
0.4925,0.00055703,0.000341664
0.4975,6.62885e-06,3.86133e-05
0.95
-0.4975,0.000516347,0.00022376
-0.4925,0.000814109,0.000279953
-0.4875,0.000487069,0.000215065
-0.4825,0.000338272,0.000177585
-0.4775,0.000291155,0.000157623
-0.4725,0.000518416,0.000203552
-0.4675,0.000537464,0.000203148
-0.4625,0.000561762,0.000203583
-0.4575,0.000264946,0.000137622
-0.4525,0.000312041,0.000146877
-0.4475,0.000143997,9.78851e-05
-0.4425,8.47322e-05,7.38618e-05
-0.4375,0.000421466,0.000162924
-0.4325,0.000246174,0.000123217
-0.4275,0.000443967,0.000163986
-0.4225,0.000412423,0.000156975
-0.4175,0.000577788,0.000184879
-0.4125,0.000646894,0.000195046
-0.4075,0.000350314,0.000143015
-0.4025,0.000465894,0.000164718
-0.3975,0.000432636,0.000158557
-0.3925,0.000396706,0.000151806
-0.3875,0.000315722,0.00013545
-0.3825,0.000424445,0.000157172
-0.3775,0.000542642,0.000177714
-0.3725,0.000622282,0.000190448
-0.3675,0.000430046,0.000158566
-0.3625,0.00050105,0.000171167
-0.3575,0.000847947,0.000222904
-0.3525,0.000387926,0.000150947
-0.3475,0.000559636,0.000181577
-0.3425,0.000443,0.000161741
-0.3375,0.000353563,0.000144614
-0.3325,0.000357153,0.000145548
-0.3275,0.000596783,0.000188448
-0.3225,0.000534476,0.000178445
-0.3175,0.000748884,0.000211607
-0.3125,0.000555523,0.000182314
-0.3075,0.000238379,0.000119652
-0.3025,0.000494446,0.000172443
-0.2975,0.000344144,0.000144088
-0.2925,0.000376366,0.000150747
-0.2875,0.000511395,0.000176013
-0.2825,0.000705784,0.000207043
-0.2775,0.000493743,0.000173361
-0.2725,0.000785291,0.000218741
-0.2675,0.000639774,0.000197717
-0.2625,0.000767301,0.00021677
-0.2575,0.000778587,0.000223055
-0.2525,0.000430453,0.000173137
-0.2475,0.000879362,0.000259451
-0.2425,0.000682586,0.000240793
-0.2375,0.000864336,0.000282933
-0.2325,0.000643282,0.00024504
-0.2275,0.000918358,0.000293195
-0.2225,0.00103584,0.000312012
-0.2175,0.000739564,0.000263807
-0.2125,0.000974221,0.000302544
-0.2075,0.00157614,0.00037445
-0.2025,0.000990868,0.000287581
-0.1975,0.000917211,0.000268514
-0.1925,0.00112013,0.000288359
-0.1875,0.000817685,0.000240019
-0.1825,0.00164099,0.000331538
-0.1775,0.00149767,0.000310546
-0.1725,0.00107493,0.000262856
-0.1675,0.000993822,0.000252973
-0.1625,0.0013635,0.000296727
-0.1575,0.00176517,0.000338214
-0.1525,0.000956596,0.000249185
-0.1475,0.00132901,0.0002942
-0.1425,0.0016947,0.000332773
-0.1375,0.00139357,0.000302122
-0.1325,0.00228861,0.000387816
-0.1275,0.00181007,0.00034532
-0.1225,0.00283055,0.000432284
-0.1175,0.00244983,0.000402673
-0.1125,0.00326109,0.000465151
-0.1075,0.0029078,0.000440117
-0.1025,0.00280753,0.000432937
-0.0975,0.00284104,0.000436191
-0.0925,0.00325122,0.000467058
-0.0875,0.00430065,0.000538178
-0.0825,0.00420127,0.00053269
-0.0775,0.00449836,0.000551935
-0.0725,0.00579109,0.000626856
-0.0675,0.00711209,0.000695662
-0.0625,0.00907435,0.000786729
-0.0575,0.00997416,0.000825655
-0.0525,0.0117925,0.000899338
-0.0475,0.0161975,0.00105457
-0.0425,0.0228956,0.00125641
-0.0375,0.035828,0.00157322
-0.0325,0.0494768,0.00185067
-0.0275,0.0927767,0.0025375
-0.0225,0.156977,0.00330455
-0.0175,0.28313,0.00444469
-0.0125,0.510186,0.00597217
-0.0075,0.86491,0.00778824
-0.0025,1.19012,0.00914636
0.0025,1.26026,0.00956979
0.0075,0.953923,0.00862808
0.0125,0.462497,0.00624315
0.0175,0.200451,0.00428613
0.0225,0.0968075,0.00311584
0.0275,0.0581694,0.0024937
0.0325,0.0364272,0.00197706
0.0375,0.0236309,0.00159393
0.0425,0.0178413,0.00138661
0.0475,0.011834,0.0011306
0.0525,0.0111613,0.00109934
0.0575,0.0104442,0.00106469
0.0625,0.00857895,0.000966429
0.0675,0.00701715,0.000874891
0.0725,0.00461226,0.000710114
0.0775,0.00738658,0.000899582
0.0825,0.00525562,0.000759797
0.0875,0.00493704,0.000737474
0.0925,0.00454857,0.000708495
0.0975,0.00483298,0.00072355
0.1025,0.00379214,0.00062268
0.1075,0.00381054,0.000606793
0.1125,0.00330147,0.00054994
0.1175,0.00315417,0.000524566
0.1225,0.00360113,0.000547019
0.1275,0.00249939,0.00044578
0.1325,0.002107,0.00040058
0.1375,0.00222039,0.000408248
0.1425,0.00220047,0.000406904
0.1475,0.00196112,0.000384352
0.1525,0.00212148,0.000400417
0.1575,0.00175764,0.000364842
0.1625,0.0017332,0.000362728
0.1675,0.00190156,0.00038042
0.1725,0.00169418,0.00035952
0.1775,0.002023,0.00039335
0.1825,0.00139843,0.000327374
0.1875,0.00127885,0.000313561
0.1925,0.000987727,0.000275859
0.1975,0.000990806,0.000276637
0.2025,0.00134319,0.000322555
0.2075,0.00159597,0.000351998
0.2125,0.00162394,0.000355535
0.2175,0.00143744,0.000334753
0.2225,0.0020476,0.000400127
0.2275,0.00162143,0.000356638
0.2325,0.00197711,0.000394333
0.2375,0.00308216,0.000492709
0.2425,0.0038163,0.000549309
0.2475,0.00244936,0.00044036
0.2525,0.000957784,0.000275681
0.2575,0.00120554,0.000309673
0.2625,0.00117412,0.000306045
0.2675,0.00086245,0.000262543
0.2725,0.00104479,0.000289227
0.2775,0.00107961,0.00029474
0.2825,0.000620557,0.000228825
0.2875,0.000840903,0.00027497
0.2925,0.00137875,0.000363816
0.2975,0.000688752,0.000266351
0.3025,0.000894182,0.000315467
0.3075,0.000532926,0.000252952
0.3125,0.00114082,0.000373553
0.3175,0.000701394,0.000293225
0.3225,0.000782185,0.000310033
0.3275,0.000992636,0.000349777
0.3325,0.000996497,0.00035065
0.3375,0.000360624,0.000211279
0.3425,0.00137511,0.000412988
0.3475,0.000659128,0.000286325
0.3525,0.00111113,0.000372217
0.3575,0.00047305,0.000243006
0.3625,0.000429012,0.000232003
0.3675,0.00095278,0.000346393
0.3725,0.000920594,0.000341241
0.3775,0.000681279,0.000294556
0.3825,0.000432749,0.000235131
0.3875,0.00139534,0.000424367
0.3925,0.000934608,0.000348583
0.3975,0.000817299,0.000327708
0.4025,0.000623297,0.000287379
0.4075,0.00102194,0.000370012
0.4125,0.000195688,0.000162644
0.4175,0.000692862,0.000301093
0.4225,0.00109217,0.000370578
0.4275,0.00115113,0.000372456
0.4325,0.000844441,0.000313767
0.4375,0.000830352,0.000306787
0.4425,0.000661828,0.00027063
0.4475,0.000679721,0.000271655
0.4525,0.000561094,0.000244684
0.4575,0.00109481,0.00034263
0.4625,0.000658714,0.000269836
0.4675,0.000301595,0.000185616
0.4725,0.000507983,0.000245568
0.4775,0.000760615,0.000306503
0.4825,0.00124497,0.000401096
0.4875,0.000658518,0.000297797
0.4925,0.000585097,0.000286391
0.4975,0.000742311,0.000330045
1.05
-0.4975,0.000351706,0.000182796
-0.4925,0.000307788,0.000161244
-0.4875,0.000422662,0.000176574
-0.4825,0.000350262,0.000152271
-0.4775,0.000296318,0.000135888
-0.4725,0.000415306,0.000157658
-0.4675,0.000623033,0.000193012
-0.4625,0.000739678,0.000222479
-0.4575,0.000428833,0.000174737
-0.4525,0.000412844,0.000168368
-0.4475,0.0005029,0.000183594
-0.4425,0.000169558,0.000104702
-0.4375,0.000497065,0.000177294
-0.4325,0.000233524,0.000119934
-0.4275,0.000758511,0.000214211
-0.4225,0.000615127,0.000191794
-0.4175,0.000303439,0.000133971
-0.4125,0.00041453,0.000156144
-0.4075,0.000491937,0.000169402
-0.4025,0.000569369,0.000182135
-0.3975,0.000215531,0.000111915
-0.3925,0.000623771,0.00019035
-0.3875,0.000650769,0.000194441
-0.3825,0.000573464,0.000182649
-0.3775,0.000503527,0.000171198
-0.3725,0.000658302,0.000195846
-0.3675,0.000543065,0.000178129
-0.3625,0.000711823,0.000204014
-0.3575,0.000714148,0.00020469
-0.3525,0.000973683,0.000239193
-0.3475,0.000628131,0.000192326
-0.3425,0.000630309,0.000192999
-0.3375,0.000471862,0.000167052
-0.3325,0.000878615,0.000228274
-0.3275,0.00067863,0.000200931
-0.3225,0.000698176,0.000203998
-0.3175,0.000694432,0.000203793
-0.3125,0.000501896,0.000173333
-0.3075,0.000771757,0.000215186
-0.3025,0.000684716,0.000202959
-0.2975,0.0010565,0.000252405
-0.2925,0.00025397,0.000123894
-0.2875,0.000804747,0.000220848
-0.2825,0.000771344,0.000216421
-0.2775,0.000811385,0.000222149
-0.2725,0.00147151,0.000299447
-0.2675,0.000630511,0.000197945
-0.2625,0.000800555,0.000238234
-0.2575,0.000764989,0.000247577
-0.2525,0.000620956,0.00022116
-0.2475,0.000808954,0.000241053
-0.2425,0.000540398,0.000188976
-0.2375,0.000649408,0.000201175
-0.2325,0.000504219,0.000177111
-0.2275,0.000873986,0.000233585
-0.2225,0.000734992,0.000214488
-0.2175,0.000429856,0.000164235
-0.2125,0.000972396,0.000247411
-0.2075,0.000901622,0.000238449
-0.2025,0.00111973,0.000266154
-0.1975,0.00081488,0.000227306
-0.1925,0.000790454,0.000224108
-0.1875,0.000586218,0.000193302
-0.1825,0.00104017,0.000257734
-0.1775,0.000743853,0.000218354
-0.1725,0.00125672,0.00028429
-0.1675,0.00177372,0.000337946
-0.1625,0.00114314,0.000271729
-0.1575,0.00073809,0.000218646
-0.1525,0.00143868,0.000305513
-0.1475,0.00173399,0.000335985
-0.1425,0.00222236,0.000381028
-0.1375,0.0021716,0.000377106
-0.1325,0.00155782,0.000319987
-0.1275,0.00284334,0.000432816
-0.1225,0.00168654,0.000333707
-0.1175,0.00265527,0.000419234
-0.1125,0.00265319,0.000419533
-0.1075,0.00218417,0.000381479
-0.1025,0.0040155,0.000517709
-0.0975,0.00310537,0.00045604
-0.0925,0.00326736,0.000468299
-0.0875,0.0051316,0.000587811
-0.0825,0.00414279,0.000528919
-0.0775,0.00536379,0.000602666
-0.0725,0.00529938,0.000599661
-0.0675,0.00639282,0.000659487
-0.0625,0.0082804,0.000751441
-0.0575,0.00934116,0.00079904
-0.0525,0.0119459,0.00090514
-0.0475,0.0166184,0.00107032
-0.0425,0.0231797,0.0013201
-0.0375,0.0340109,0.0017031
-0.0325,0.0517412,0.00225479
-0.0275,0.0909948,0.00307767
-0.0225,0.160215,0.0040888
-0.0175,0.293124,0.00553876
-0.0125,0.54143,0.00753507
-0.0075,0.866691,0.00954845
-0.0025,1.19025,0.0112025
0.0025,1.19681,0.0110076
0.0075,0.886063,0.0090649
0.0125,0.442916,0.0061575
0.0175,0.199291,0.00398291
0.0225,0.0959346,0.00267086
0.0275,0.054079,0.00196524
0.0325,0.0326736,0.00152886
0.0375,0.0203184,0.00120672
0.0425,0.0178812,0.00113343
0.0475,0.0155593,0.00105856
0.0525,0.0125195,0.000950594
0.0575,0.00873537,0.000795055
0.0625,0.00799374,0.00076173
0.0675,0.00664682,0.000695313
0.0725,0.00626501,0.000675805
0.0775,0.00558683,0.00063888
0.0825,0.00478534,0.000592003
0.0875,0.00406917,0.0005467
0.0925,0.00316057,0.000482309
0.0975,0.00325434,0.000489681
0.1025,0.00392032,0.00053836
0.1075,0.00344989,0.000505499
0.1125,0.0034521,0.000506143
0.1175,0.00376218,0.000529271
0.1225,0.00238892,0.000422031
0.1275,0.0024593,0.000428808
0.1325,0.00188053,0.000375326
0.1375,0.00214447,0.000401241
0.1425,0.00208737,0.000396304
0.1475,0.00144369,0.000329776
0.1525,0.00261135,0.000444199
0.1575,0.00232751,0.000419798
0.1625,0.00137177,0.000322719
0.1675,0.00170518,0.00036021
0.1725,0.00162922,0.000352604
0.1775,0.00143245,0.000331015
0.1825,0.00134157,0.000320653
0.1875,0.00142082,0.000330557
0.1925,0.0016187,0.000354251
0.1975,0.0013978,0.000341906
0.2025,0.00173948,0.000401264
0.2075,0.00107844,0.000334254
0.2125,0.00131153,0.00038858
0.2175,0.00152327,0.000422051
0.2225,0.00158895,0.000431742
0.2275,0.0012911,0.000389725
0.2325,0.00213958,0.000502414
0.2375,0.00183591,0.000465752
0.2425,0.00240728,0.000534409
0.2475,0.00186426,0.000470504
0.2525,0.000697706,0.000288219
0.2575,0.000639414,0.000276188
0.2625,0.000360295,0.00020757
0.2675,0.000597463,0.000267545
0.2725,0.000801491,0.000310337
0.2775,0.00117236,0.000374746
0.2825,0.000661929,0.000273268
0.2875,0.000494859,0.000227839
0.2925,0.00104723,0.000320189
0.2975,0.00110051,0.000317955
0.3025,0.000737287,0.0002528
0.3075,0.0007935,0.000255443
0.3125,0.000698757,0.000238734
0.3175,0.00106619,0.00029515
0.3225,0.000626256,0.000226536
0.3275,0.000860256,0.000265799
0.3325,0.000483633,0.000199493
0.3375,0.000769636,0.000251922
0.3425,0.000728875,0.000245484
0.3475,0.000845334,0.00026478
0.3525,0.000942915,0.000279989
0.3575,0.000608957,0.000225197
0.3625,0.000735893,0.00024808
0.3675,0.000813442,0.000261375
0.3725,0.000781933,0.000256719
0.3775,0.000616964,0.000228928
0.3825,0.00065725,0.000236827
0.3875,0.000840201,0.00026866
0.3925,0.00101804,0.000297132
0.3975,0.000958753,0.000289925
0.4025,0.000378608,0.000182801
0.4075,0.00072438,0.000254222
0.4125,0.000705627,0.000252672
0.4175,0.00106213,0.000311591
0.4225,0.000467103,0.000207873
0.4275,0.000399196,0.000193153
0.4325,0.000635727,0.000245664
0.4375,0.000326446,0.000177611
0.4425,0.000633887,0.000249906
0.4475,0.000437546,0.000210857
0.4525,0.00075331,0.000281494
0.4575,0.000728632,0.000291401
0.4625,0.000632214,0.000287886
0.4675,0.0010122,0.000387212
0.4725,0.000459727,0.000279978
0.4775,0.00134168,0.000501397
0.4825,0.000139261,0.000164834
0.4875,0.00108801,0.000466673
0.4925,0.000423092,0.000299173
0.4975,0.000864866,0.000435742
1.15
-0.4975,0.000733536,0.000272106
-0.4925,0.000434326,0.000204987
-0.4875,0.000397823,0.000189426
-0.4825,0.000486462,0.000205785
-0.4775,0.000251432,0.000145166
-0.4725,0.000382167,0.000174781
-0.4675,0.000266662,0.000139335
-0.4625,0.000247029,0.000121602
-0.4575,0.000483424,0.000161019
-0.4525,0.000412219,0.000145872
-0.4475,0.000530273,0.000162902
-0.4425,0.00030293,0.000121531
-0.4375,0.000178223,9.16826e-05
-0.4325,0.000389655,0.000134472
-0.4275,0.000564174,0.000160095
-0.4225,0.000295481,0.000115171
-0.4175,0.000422041,0.000137674
-0.4125,0.00065967,0.000192765
-0.4075,0.000528982,0.000175704
-0.4025,0.000407654,0.000154079
-0.3975,0.000465077,0.00016443
-0.3925,0.000482666,0.000167454
-0.3875,0.000604281,0.000187387
-0.3825,0.000480182,0.000167141
-0.3775,0.000351333,0.000142994
-0.3725,0.000524502,0.000174811
-0.3675,0.000409138,0.00015464
-0.3625,0.000681284,0.000199617
-0.3575,0.000631705,0.000192429
-0.3525,0.000551901,0.000180167
-0.3475,0.000718378,0.000205725
-0.3425,0.000681205,0.000200581
-0.3375,0.000675183,0.000199789
-0.3325,0.000695735,0.000203132
-0.3275,0.000496069,0.000171766
-0.3225,0.000589334,0.000187449
-0.3175,0.000769772,0.000214541
-0.3125,0.000725303,0.000208322
-0.3075,0.000785706,0.000217158
-0.3025,0.000621939,0.000193515
-0.2975,0.000823265,0.000222786
-0.2925,0.000602257,0.000190716
-0.2875,0.000846494,0.000226467
-0.2825,0.000356978,0.000147206
-0.2775,0.000625086,0.000194993
-0.2725,0.00101559,0.000248823
-0.2675,0.000630387,0.000194601
-0.2625,0.000676107,0.000190964
-0.2575,0.000956765,0.000215072
-0.2525,0.000765549,0.000188074
-0.2475,0.000638974,0.000172011
-0.2425,0.000703503,0.000188105
-0.2375,0.000385396,0.000153783
-0.2325,0.00097447,0.000246186
-0.2275,0.00166107,0.000321996
-0.2225,0.000797376,0.000223475
-0.2175,0.00115246,0.000268901
-0.2125,0.000700381,0.000209906
-0.2075,0.000805092,0.000225305
-0.2025,0.000752532,0.000218177
-0.1975,0.000715125,0.000212839
-0.1925,0.00116525,0.000272109
-0.1875,0.000745033,0.000217943
-0.1825,0.00138891,0.000297845
-0.1775,0.00171702,0.000331697
-0.1725,0.00183459,0.000343454
-0.1675,0.00136284,0.000296218
-0.1625,0.00114252,0.000271579
-0.1575,0.00178375,0.00033995
-0.1525,0.00216112,0.00037455
-0.1475,0.00163127,0.000325935
-0.1425,0.00168083,0.000331353
-0.1375,0.00192485,0.00035506
-0.1325,0.00265918,0.000418091
-0.1275,0.00246995,0.000403469
-0.1225,0.00228217,0.000388199
-0.1175,0.00263333,0.000417533
-0.1125,0.00325997,0.000465079
-0.1075,0.00312332,0.000456138
-0.1025,0.00361288,0.000491154
-0.0975,0.00310541,0.000456074
-0.0925,0.00447567,0.000548043
-0.0875,0.00439746,0.000544198
-0.0825,0.00479016,0.00056878
-0.0775,0.00536634,0.000602738
-0.0725,0.00595406,0.000635609
-0.0675,0.00752815,0.000715665
-0.0625,0.00784192,0.00073121
-0.0575,0.0124327,0.000921813
-0.0525,0.013987,0.00100586
-0.0475,0.0180226,0.00128212
-0.0425,0.0249357,0.0015145
-0.0375,0.0328438,0.00162744
-0.0325,0.0487012,0.00187179
-0.0275,0.0848387,0.00242647
-0.0225,0.157685,0.00331199
-0.0175,0.295094,0.00453759
-0.0125,0.518386,0.00602
-0.0075,0.859181,0.00776244
-0.0025,1.21686,0.0092485
0.0025,1.29037,0.00953834
0.0075,0.968821,0.00827209
0.0125,0.483666,0.0058509
0.0175,0.198362,0.00375276
0.0225,0.104876,0.00273198
0.0275,0.0601287,0.00207142
0.0325,0.037,0.00162691
0.0375,0.0242236,0.0013176
0.0425,0.0187128,0.00115952
0.0475,0.0139036,0.00100067
0.0525,0.0113914,0.000906747
0.0575,0.0103503,0.000865445
0.0625,0.00971543,0.000839713
0.0675,0.00733366,0.000730337
0.0725,0.00711297,0.000720032
0.0775,0.00583815,0.000653006
0.0825,0.00498402,0.000604204
0.0875,0.00440168,0.000568569
0.0925,0.00442309,0.000570408
0.0975,0.00329166,0.000492552
0.1025,0.00350745,0.000509202
0.1075,0.00329406,0.000493881
0.1125,0.00257869,0.00043745
0.1175,0.00343971,0.000505943
0.1225,0.00260967,0.000441073
0.1275,0.00228338,0.00041321
0.1325,0.00324612,0.000493106
0.1375,0.00271507,0.000451463
0.1425,0.00216946,0.000404015
0.1475,0.00128444,0.000311039
0.1525,0.0011314,0.000292585
0.1575,0.00177924,0.00038683
0.1625,0.00152473,0.000394316
0.1675,0.00184293,0.000458677
0.1725,0.00179345,0.000453036
0.1775,0.00131795,0.000388891
0.1825,0.00176502,0.000450482
0.1875,0.00149812,0.000415697
0.1925,0.000866986,0.000315072
0.1975,0.0017803,0.000430394
0.2025,0.00148156,0.000371698
0.2075,0.00158002,0.000365634
0.2125,0.00116655,0.000302595
0.2175,0.00197106,0.000391976
0.2225,0.00132953,0.000322456
0.2275,0.00223084,0.000418329
0.2325,0.00208741,0.000405109
0.2375,0.00264592,0.000456494
0.2425,0.00317383,0.000500946
0.2475,0.00175677,0.000372969
0.2525,0.000867061,0.000262372
0.2575,0.000927063,0.000271504
0.2625,0.00116258,0.000304563
0.2675,0.00109077,0.000295192
0.2725,0.000756132,0.000246154
0.2775,0.00132477,0.000326014
0.2825,0.00102192,0.000286759
0.2875,0.000986496,0.000282134
0.2925,0.00138148,0.000334086
0.2975,0.000710653,0.00023984
0.3025,0.000795709,0.000254122
0.3075,0.000839589,0.000261289
0.3125,0.000873669,0.000267025
0.3175,0.000830653,0.000260473
0.3225,0.00069341,0.000238335
0.3275,0.000711333,0.000241714
0.3325,0.00107053,0.000296806
0.3375,0.00137526,0.000336868
0.3425,0.00206322,0.000413072
0.3475,0.00097029,0.000283683
0.3525,0.000709122,0.000242801
0.3575,0.00108243,0.000300435
0.3625,0.00142064,0.000344704
0.3675,0.000976003,0.000286228
0.3725,0.000899374,0.000275501
0.3775,0.00160511,0.000368995
0.3825,0.00173316,0.00039204
0.3875,0.000655886,0.000258526
0.3925,0.000533744,0.000252961
0.3975,0.0014545,0.00043719
0.4025,0.000580511,0.000277348
0.4075,0.000868292,0.000340873
0.4125,0.0010486,0.000376871
0.4175,0.0013578,0.000431685
0.4225,0.000714332,0.000315067
0.4275,0.000732224,0.00032083
0.4325,0.000891317,0.000356778
0.4375,0.0011614,0.000410211
0.4425,0.00118763,0.000418984
0.4475,0.000543486,0.000287441
0.4525,0.000587393,0.000301023
0.4575,0.000368523,0.000229696
0.4625,0.000957753,0.000359812
0.4675,0.000725885,0.000305112
0.4725,0.000660235,0.000285419
0.4775,0.000875601,0.000327657
0.4825,0.000768941,0.000314822
0.4875,0.00110763,0.000384832
0.4925,0.000431153,0.000245394
0.4975,0.000439883,0.000252731
1.25
-0.4975,0.00063958,0.000220269
-0.4925,0.000970815,0.000264545
-0.4875,0.000528353,0.00018968
-0.4825,0.00054491,0.000208748
-0.4775,0.000251248,0.000145131
-0.4725,0.000774928,0.000248845
-0.4675,0.000606362,0.000216048
-0.4625,0.000548845,0.000201306
-0.4575,0.000717,0.00022597
-0.4525,0.000323577,0.000149606
-0.4475,0.000331468,0.000148242
-0.4425,0.000474355,0.000175379
-0.4375,0.000548339,0.000185991
-0.4325,0.000725671,0.000211418
-0.4275,0.00054886,0.000182498
-0.4225,0.00070026,0.000204371
-0.4175,0.000443466,0.000160622
-0.4125,0.000557163,0.000159398
-0.4075,0.000377838,0.000128635
-0.4025,0.000767315,0.000183042
-0.3975,0.00048506,0.000145409
-0.3925,0.000545735,0.000154174
-0.3875,0.000285616,0.000111577
-0.3825,0.000456423,0.000141163
-0.3775,0.000881485,0.000196166
-0.3725,0.000499603,0.000147755
-0.3675,0.000732516,0.000179192
-0.3625,0.00069001,0.000173952
-0.3575,0.000590348,0.000160998
-0.3525,0.000660638,0.000170691
-0.3475,0.000987789,0.000218186
-0.3425,0.000500435,0.000171965
-0.3375,0.000768793,0.000213267
-0.3325,0.000743052,0.000209841
-0.3275,0.000668121,0.000199369
-0.3225,0.000975821,0.000241176
-0.3175,0.00106396,0.000252234
-0.3125,0.00082648,0.000222426
-0.3075,0.000844155,0.000225054
-0.3025,0.00101774,0.00024744
-0.2975,0.00091714,0.00023518
-0.2925,0.000912772,0.000234774
-0.2875,0.00111478,0.000260005
-0.2825,0.000634023,0.00019623
-0.2775,0.000834264,0.000225306
-0.2725,0.000738045,0.000212056
-0.2675,0.000909188,0.00023568
-0.2625,0.000605817,0.000192676
-0.2575,0.000789056,0.00022021
-0.2525,0.00100068,0.000248239
-0.2475,0.000935135,0.000240279
-0.2425,0.000723538,0.00020169
-0.2375,0.000882748,0.000203705
-0.2325,0.00141807,0.000257192
-0.2275,0.000809591,0.000194692
-0.2225,0.000986014,0.000215239
-0.2175,0.00109956,0.000227477
-0.2125,0.000981602,0.000215246
-0.2075,0.00115747,0.00023397
-0.2025,0.000769889,0.000191126
-0.1975,0.000980113,0.000215889
-0.1925,0.00164804,0.00031898
-0.1875,0.00147045,0.000306087
-0.1825,0.00104934,0.000258896
-0.1775,0.00133106,0.000292047
-0.1725,0.00145861,0.000306203
-0.1675,0.00142509,0.000302821
-0.1625,0.00142867,0.000303754
-0.1575,0.00101999,0.000257087
-0.1525,0.00142705,0.000304324
-0.1475,0.00180451,0.000342739
-0.1425,0.00209165,0.000369603
-0.1375,0.00252481,0.000406629
-0.1325,0.0018894,0.000352382
-0.1275,0.00195289,0.000358706
-0.1225,0.0019101,0.000355124
-0.1175,0.00302722,0.000447668
-0.1125,0.00313851,0.000456319
-0.1075,0.00354289,0.000485803
-0.1025,0.00340566,0.000476852
-0.0975,0.00428263,0.000535564
-0.0925,0.00385206,0.00050849
-0.0875,0.00428464,0.000537225
-0.0825,0.00465225,0.000560543
-0.0775,0.00573697,0.000623194
-0.0725,0.00676773,0.000677681
-0.0675,0.0071311,0.000696516
-0.0625,0.00873661,0.000771933
-0.0575,0.0116842,0.000893614
-0.0525,0.0135929,0.000941357
-0.0475,0.0196657,0.00103877
-0.0425,0.0241537,0.00111762
-0.0375,0.0366669,0.00137834
-0.0325,0.0564004,0.00171116
-0.0275,0.0963887,0.0023605
-0.0225,0.178768,0.00352649
-0.0175,0.323896,0.00475388
-0.0125,0.587595,0.00640933
-0.0075,0.991041,0.00833685
-0.0025,1.37397,0.00982739
0.0025,1.42105,0.0100097
0.0075,1.04599,0.00859519
0.0125,0.512182,0.00602098
0.0175,0.213266,0.00389121
0.0225,0.108788,0.00278245
0.0275,0.0636293,0.00213083
0.0325,0.0372663,0.00163273
0.0375,0.0250855,0.00134088
0.0425,0.0184877,0.00115248
0.0475,0.0152974,0.00104965
0.0525,0.012469,0.000948647
0.0575,0.0102643,0.000861828
0.0625,0.00883801,0.000800925
0.0675,0.00687424,0.000707042
0.0725,0.00852038,0.000788095
0.0775,0.0069034,0.000710002
0.0825,0.00480563,0.000593287
0.0875,0.00471662,0.000588555
0.0925,0.00407266,0.000547481
0.0975,0.00421422,0.000557332
0.1025,0.00421753,0.000558363
0.1075,0.00372699,0.000525392
0.1125,0.00358979,0.000516094
0.1175,0.00275895,0.000453171
0.1225,0.00299903,0.000472772
0.1275,0.00254429,0.000436174
0.1325,0.00272754,0.000452051
0.1375,0.00286829,0.000463981
0.1425,0.00235981,0.000421378
0.1475,0.00251515,0.000435376
0.1525,0.00228472,0.000415324
0.1575,0.00197729,0.000411482
0.1625,0.00163481,0.000366871
0.1675,0.00186191,0.000376464
0.1725,0.00142548,0.000329816
0.1775,0.00132742,0.000318649
0.1825,0.00129052,0.000314545
0.1875,0.00167866,0.000359258
0.1925,0.00166539,0.00035824
0.1975,0.00160836,0.000352441
0.2025,0.0015687,0.000348577
0.2075,0.0015718,0.00034936
0.2125,0.00115363,0.000299697
0.2175,0.00164343,0.000357933
0.2225,0.00117332,0.000302943
0.2275,0.00182052,0.000377787
0.2325,0.00185204,0.000381654
0.2375,0.00166169,0.000361765
0.2425,0.00371155,0.000541713
0.2475,0.00244166,0.000439693
0.2525,0.000950282,0.000274585
0.2575,0.000946529,0.000274382
0.2625,0.00066123,0.000229737
0.2675,0.000830412,0.000257554
0.2725,0.000961691,0.00027763
0.2775,0.00105482,0.000290912
0.2825,0.00116887,0.000306627
0.2875,0.000798174,0.000253777
0.2925,0.00112405,0.000301353
0.2975,0.000767829,0.000249315
0.3025,0.00148251,0.000346936
0.3075,0.00158136,0.000358639
0.3125,0.00136286,0.000333492
0.3175,0.00129762,0.000325511
0.3225,0.00141619,0.000340649
0.3275,0.00126388,0.000322196
0.3325,0.00155607,0.000357731
0.3375,0.00161013,0.000364467
0.3425,0.00127359,0.000324538
0.3475,0.000863871,0.000267742
0.3525,0.00117989,0.000315598
0.3575,0.00190498,0.000451011
0.3625,0.00111163,0.000373465
0.3675,0.00106237,0.000365796
0.3725,0.00107085,0.000368212
0.3775,0.00106519,0.000368202
0.3825,0.00086712,0.000324147
0.3875,0.000978803,0.000319756
0.3925,0.00120997,0.000333303
0.3975,0.000766525,0.000259177
0.4025,0.000302821,0.000163477
0.4075,0.00120039,0.000327495
0.4125,0.000862622,0.000279137
0.4175,0.000805159,0.000271146
0.4225,0.00137833,0.000357189
0.4275,0.000843032,0.000280952
0.4325,0.000993672,0.000307218
0.4375,0.000669371,0.00025477
0.4425,0.00118871,0.00034294
0.4475,0.000769588,0.000279372
0.4525,0.000785771,0.00028503
0.4575,0.00115499,0.00035229
0.4625,0.00101162,0.000333467
0.4675,0.00118706,0.000369147
0.4725,0.00121208,0.000379581
0.4775,0.000893857,0.00033313
0.4825,0.00109232,0.000373815
0.4875,0.00091859,0.000351204
0.4925,0.00109001,0.000389734
0.4975,0.00156748,0.000479576
1.35
-0.4975,0.000791131,0.000244057
-0.4925,0.000293875,0.00015297
-0.4875,0.000625297,0.000236346
-0.4825,0.000703,0.000221851
-0.4775,0.000311762,0.000139431
-0.4725,0.000240269,0.000120139
-0.4675,0.000219169,0.000112168
-0.4625,0.000374429,0.00014363
-0.4575,0.000557072,0.000172652
-0.4525,0.000368738,0.000137776
-0.4475,0.000716138,0.00018921
-0.4425,0.000409897,0.000141046
-0.4375,0.000569237,0.000164015
-0.4325,0.000416725,0.000138975
-0.4275,0.000499823,0.000150704
-0.4225,0.000266787,0.000109287
-0.4175,0.0002703,0.000109513
-0.4125,0.000407475,0.000134112
-0.4075,0.000294111,0.00011348
-0.4025,0.000633956,0.00016642
-0.3975,0.000607409,0.000162722
-0.3925,0.000522805,0.000150907
-0.3875,0.000589655,0.000160287
-0.3825,0.000344256,0.000125753
-0.3775,0.000606366,0.000184847
-0.3725,0.000609542,0.000188502
-0.3675,0.00073786,0.000207674
-0.3625,0.000969089,0.000238077
-0.3575,0.000663339,0.000197141
-0.3525,0.000393883,0.000152201
-0.3475,0.000771369,0.000202273
-0.3425,0.000720637,0.000178669
-0.3375,0.000687703,0.000174622
-0.3325,0.000816412,0.000190557
-0.3275,0.000902463,0.000200622
-0.3225,0.000759975,0.000184369
-0.3175,0.000638635,0.000169237
-0.3125,0.000805169,0.000190102
-0.3075,0.000937129,0.000205398
-0.3025,0.000760694,0.000185243
-0.2975,0.000762836,0.000185766
-0.2925,0.0010259,0.000215591
-0.2875,0.000766179,0.000186647
-0.2825,0.00120148,0.000233919
-0.2775,0.00129615,0.000243112
-0.2725,0.000673485,0.00017545
-0.2675,0.00084037,0.000196251
-0.2625,0.000712907,0.000181069
-0.2575,0.000894028,0.000218984
-0.2525,0.00143335,0.000297138
-0.2475,0.00122224,0.000274748
-0.2425,0.000960608,0.000243922
-0.2375,0.00125917,0.000279634
-0.2325,0.00111332,0.000263201
-0.2275,0.00103967,0.000254783
-0.2225,0.00104139,0.0002554
-0.2175,0.000902548,0.000237957
-0.2125,0.000901157,0.000238157
-0.2075,0.00134268,0.000290979
-0.2025,0.00137864,0.000295322
-0.1975,0.00127493,0.000284263
-0.1925,0.00112261,0.000233843
-0.1875,0.000987657,0.000217265
-0.1825,0.00174866,0.00028945
-0.1775,0.00176205,0.000290972
-0.1725,0.00211277,0.000319168
-0.1675,0.00181026,0.000295591
-0.1625,0.00197941,0.000309648
-0.1575,0.00155807,0.00027508
-0.1525,0.00235218,0.000338411
-0.1475,0.00186518,0.000301808
-0.1425,0.00200187,0.000313118
-0.1375,0.00227026,0.000333898
-0.1325,0.00257139,0.000356041
-0.1275,0.00253158,0.000353916
-0.1225,0.00252381,0.000386499
-0.1175,0.00330109,0.000467585
-0.1125,0.0045309,0.000548263
-0.1075,0.00431816,0.000536333
-0.1025,0.00444932,0.000545017
-0.0975,0.00403229,0.000519697
-0.0925,0.00509584,0.000584845
-0.0875,0.00465285,0.000559745
-0.0825,0.00519341,0.000592207
-0.0775,0.00740714,0.000708127
-0.0725,0.00885497,0.000775164
-0.0675,0.00968607,0.000811708
-0.0625,0.0106853,0.000853726
-0.0575,0.0148923,0.00100888
-0.0525,0.0174051,0.00109255
-0.0475,0.0223809,0.00123959
-0.0425,0.0316229,0.00147671
-0.0375,0.0438754,0.00174098
-0.0325,0.0736505,0.0022579
-0.0275,0.120411,0.00271599
-0.0225,0.196088,0.00319855
-0.0175,0.361259,0.00434802
-0.0125,0.655747,0.00586364
-0.0075,1.08682,0.00756075
-0.0025,1.54255,0.00901777
0.0025,1.66146,0.00937326
0.0075,1.25576,0.00815604
0.0125,0.608951,0.00568551
0.0175,0.255792,0.0036906
0.0225,0.129188,0.00265427
0.0275,0.0760773,0.00229783
0.0325,0.0499739,0.00189076
0.0375,0.0306419,0.00148185
0.0425,0.0218848,0.00125389
0.0475,0.0181127,0.00114211
0.0525,0.0136303,0.000991874
0.0575,0.0140228,0.00100729
0.0625,0.0109263,0.000890511
0.0675,0.00880663,0.000800298
0.0725,0.00728551,0.000728802
0.0775,0.00612001,0.000668535
0.0825,0.00604542,0.000665402
0.0875,0.00700873,0.000717449
0.0925,0.00449458,0.000575152
0.0975,0.004702,0.000588648
0.1025,0.00469907,0.000589374
0.1075,0.00324467,0.00049022
0.1125,0.00385096,0.00053453
0.1175,0.00390786,0.000539303
0.1225,0.00327085,0.00049375
0.1275,0.00330263,0.000496967
0.1325,0.00358198,0.00051803
0.1375,0.00318487,0.00048895
0.1425,0.00231116,0.000417027
0.1475,0.0020324,0.000391211
0.1525,0.00246349,0.000431385
0.1575,0.00249806,0.000394556
0.1625,0.0019418,0.000332508
0.1675,0.00144014,0.000286703
0.1725,0.0018337,0.000323999
0.1775,0.00227337,0.000361148
0.1825,0.00129435,0.000272764
0.1875,0.00211065,0.000381417
0.1925,0.00168875,0.000360747
0.1975,0.00189579,0.00038274
0.2025,0.00142058,0.000331702
0.2075,0.00163214,0.000356049
0.2125,0.00157925,0.000350604
0.2175,0.00145083,0.000336317
0.2225,0.00164348,0.000358521
0.2275,0.00173821,0.000369255
0.2325,0.00168261,0.000363815
0.2375,0.00276097,0.000466358
0.2425,0.00324713,0.000506544
0.2475,0.00241387,0.000437159
0.2525,0.00138643,0.000331718
0.2575,0.00173149,0.000371121
0.2625,0.00158877,0.000356006
0.2675,0.00108806,0.00029492
0.2725,0.000936807,0.000273911
0.2775,0.00123135,0.000314371
0.2825,0.00191651,0.000392764
0.2875,0.00218501,0.000419835
0.2925,0.000880853,0.000266804
0.2975,0.00178647,0.000380245
0.3025,0.00263308,0.000462219
0.3075,0.00188016,0.000391025
0.3125,0.00197578,0.000401532
0.3175,0.00198902,0.000402982
0.3225,0.00214471,0.00041916
0.3275,0.00179493,0.000384025
0.3325,0.0019757,0.000403188
0.3375,0.00254857,0.000458524
0.3425,0.00199851,0.000406542
0.3475,0.00225298,0.000432266
0.3525,0.00182678,0.000386772
0.3575,0.00169904,0.000340537
0.3625,0.00151796,0.000317476
0.3675,0.000766163,0.000253633
0.3725,0.000723915,0.000247172
0.3775,0.00139471,0.000344002
0.3825,0.00116656,0.000315526
0.3875,0.00116372,0.000316298
0.3925,0.000780293,0.000260234
0.3975,0.00104439,0.000302563
0.4025,0.000800452,0.000266077
0.4075,0.000820165,0.000270537
0.4125,0.00124885,0.000336077
0.4175,0.00120865,0.000332353
0.4225,0.000491356,0.000213196
0.4275,0.000693842,0.000254968
0.4325,0.00093582,0.000298091
0.4375,0.00035698,0.000185582
0.4425,0.00120911,0.000345988
0.4475,0.001259,0.00035686
0.4525,0.000885097,0.000303085
0.4575,0.00101379,0.00032952
0.4625,0.00109485,0.000347538
0.4675,0.00111446,0.000357489
0.4725,0.000628972,0.000273513
0.4775,0.00117045,0.000380023
0.4825,0.000597276,0.000277641
0.4875,0.00103931,0.00037269
0.4925,0.000909407,0.000357139
0.4975,0.00104687,0.000391721
1.45
-0.4975,0.000606688,0.000213991
-0.4925,0.000797061,0.000228916
-0.4875,0.000623879,0.000185297
-0.4825,0.000534907,0.000166857
-0.4775,0.000589569,0.000171847
-0.4725,0.000410826,0.000140191
-0.4675,0.000479211,0.000148131
-0.4625,0.000416851,0.000135675
-0.4575,0.000589306,0.000158956
-0.4525,0.000664126,0.000170933
-0.4475,0.000484342,0.000153285
-0.4425,0.000394081,0.000138335
-0.4375,0.000613454,0.000170288
-0.4325,0.000737536,0.000184562
-0.4275,0.00064407,0.000171117
-0.4225,0.000821854,0.000191682
-0.4175,0.000627709,0.000166815
-0.4125,0.000419027,0.000135926
-0.4075,0.000685131,0.000173188
-0.4025,0.000669676,0.00017108
-0.3975,0.000587225,0.000160005
-0.3925,0.000338179,0.00012137
-0.3875,0.000639897,0.000166967
-0.3825,0.000695338,0.00017005
-0.3775,0.000660044,0.000153362
-0.3725,0.000826648,0.000170017
-0.3675,0.000510096,0.000133737
-0.3625,0.000783743,0.000168539
-0.3575,0.000677977,0.000167252
-0.3525,0.000677006,0.00017278
-0.3475,0.000656345,0.000170294
-0.3425,0.000791165,0.000187216
-0.3375,0.000656849,0.000170692
-0.3325,0.000503869,0.000149665
-0.3275,0.000548578,0.000156417
-0.3225,0.00074767,0.000182849
-0.3175,0.000593715,0.000163153
-0.3125,0.000373563,0.000129526
-0.3075,0.000469864,0.000145452
-0.3025,0.0010193,0.000214468
-0.2975,0.00107506,0.000220485
-0.2925,0.000698964,0.000177908
-0.2875,0.000934903,0.000206156
-0.2825,0.000793916,0.000190166
-0.2775,0.000394567,0.00013418
-0.2725,0.000482004,0.000148439
-0.2675,0.0012409,0.000238476
-0.2625,0.000829727,0.000197773
-0.2575,0.00103279,0.000221094
-0.2525,0.000941871,0.000208588
-0.2475,0.00112412,0.000228158
-0.2425,0.000755005,0.000187244
-0.2375,0.00100909,0.000216764
-0.2325,0.00116027,0.000232682
-0.2275,0.00082371,0.000196377
-0.2225,0.000886867,0.000204138
-0.2175,0.000718414,0.00018387
-0.2125,0.00109939,0.00022781
-0.2075,0.00101298,0.000218895
-0.2025,0.00142274,0.000259808
-0.1975,0.000992597,0.000217225
-0.1925,0.0016412,0.000279667
-0.1875,0.00132019,0.000251173
-0.1825,0.00108095,0.00022754
-0.1775,0.00123477,0.000243597
-0.1725,0.00163824,0.000281095
-0.1675,0.00136588,0.000256763
-0.1625,0.00143032,0.000263227
-0.1575,0.0018444,0.000299316
-0.1525,0.00130782,0.000255411
-0.1475,0.0014182,0.000288395
-0.1425,0.00189334,0.000351722
-0.1375,0.00238697,0.000395355
-0.1325,0.00188212,0.000351717
-0.1275,0.00272665,0.000423431
-0.1225,0.00270636,0.000383048
-0.1175,0.00321048,0.00039933
-0.1125,0.00298806,0.000385559
-0.1075,0.00321002,0.000400492
-0.1025,0.00318759,0.000399536
-0.0975,0.00278704,0.000374161
-0.0925,0.00415856,0.000457536
-0.0875,0.00501792,0.00050341
-0.0825,0.00499465,0.000502954
-0.0775,0.00492832,0.000500198
-0.0725,0.00637357,0.00056954
-0.0675,0.00763844,0.000624306
-0.0625,0.00847871,0.000658591
-0.0575,0.00999212,0.000715683
-0.0525,0.0125885,0.00080474
-0.0475,0.0175694,0.000951175
-0.0425,0.0244632,0.0011247
-0.0375,0.0340408,0.00132797
-0.0325,0.0539414,0.0016795
-0.0275,0.0940334,0.0023767
-0.0225,0.163629,0.00336694
-0.0175,0.288777,0.00448883
-0.0125,0.546726,0.00618237
-0.0075,0.886221,0.00788358
-0.0025,1.24636,0.00935995
0.0025,1.31334,0.00962286
0.0075,0.966741,0.0082633
0.0125,0.477994,0.0058165
0.0175,0.202955,0.00379598
0.0225,0.100274,0.00263433
0.0275,0.0630521,0.00185669
0.0325,0.0368228,0.00140559
0.0375,0.0247014,0.0011523
0.0425,0.0172422,0.000963908
0.0475,0.0152387,0.000907201
0.0525,0.0119778,0.00080521
0.0575,0.0101121,0.000740848
0.0625,0.00798636,0.000659278
0.0675,0.00777707,0.000651329
0.0725,0.00653606,0.000597793
0.0775,0.00606409,0.000576387
0.0825,0.00485806,0.000516548
0.0875,0.00472542,0.000510198
0.0925,0.003652,0.000449017
0.0975,0.00376023,0.000455928
0.1025,0.00376133,0.000468279
0.1075,0.00340096,0.000489958
0.1125,0.00301839,0.00047324
0.1175,0.00392292,0.000540399
0.1225,0.00296848,0.000470412
0.1275,0.00279572,0.000457195
0.1325,0.00238331,0.000422535
0.1375,0.002612,0.000442787
0.1425,0.00249693,0.000433487
0.1475,0.00240197,0.00042545
0.1525,0.00229915,0.00041681
0.1575,0.00248225,0.000433548
0.1625,0.00225292,0.000413551
0.1675,0.00231822,0.000420144
0.1725,0.00143903,0.000331399
0.1775,0.00141877,0.000329447
0.1825,0.00197469,0.000389012
0.1875,0.00188352,0.000344894
0.1925,0.00218358,0.000355265
0.1975,0.00213146,0.000351335
0.2025,0.00143911,0.000289117
0.2075,0.00168762,0.000313444
0.2125,0.00156652,0.000302405
0.2175,0.00120181,0.00026509
0.2225,0.001681,0.000314034
0.2275,0.00160579,0.000307297
0.2325,0.00198824,0.000342462
0.2375,0.00213478,0.000355085
0.2425,0.00404673,0.000489857
0.2475,0.00270051,0.000411255
0.2525,0.00193015,0.000384779
0.2575,0.00164242,0.000361479
0.2625,0.000835117,0.000258093
0.2675,0.00100575,0.00028347
0.2725,0.00204088,0.00040433
0.2775,0.00218814,0.000418978
0.2825,0.00161974,0.000361004
0.2875,0.00131258,0.000325453
0.2925,0.00231879,0.000432819
0.2975,0.00187611,0.000389631
0.3025,0.00234278,0.000436047
0.3075,0.00169026,0.00037083
0.3125,0.00213058,0.00041693
0.3175,0.00211463,0.000415607
0.3225,0.00211754,0.000416479
0.3275,0.00180484,0.000385063
0.3325,0.0022796,0.000433044
0.3375,0.00258285,0.000461609
0.3425,0.00282003,0.000482986
0.3475,0.00202772,0.000410056
0.3525,0.00143087,0.000344905
0.3575,0.00192921,0.000400833
0.3625,0.00157189,0.000349992
0.3675,0.00107542,0.000260194
0.3725,0.00112929,0.00026737
0.3775,0.00112051,0.000267053
0.3825,0.00135378,0.000294281
0.3875,0.00113706,0.000270739
0.3925,0.000951639,0.000248753
0.3975,0.00149478,0.000313227
0.4025,0.00128044,0.000291989
0.4075,0.00164846,0.000363578
0.4125,0.00107159,0.000311091
0.4175,0.00159163,0.000381467
0.4225,0.00061453,0.000238534
0.4275,0.000919448,0.000293429
0.4325,0.000974069,0.00030429
0.4375,0.00160334,0.000393667
0.4425,0.00128777,0.000356595
0.4475,0.00100958,0.000320016
0.4525,0.000817456,0.000290896
0.4575,0.00111954,0.000346387
0.4625,0.00145084,0.000400076
0.4675,0.00112384,0.000359007
0.4725,0.001392,0.000406526
0.4775,0.00135029,0.000408881
0.4825,0.000896627,0.000339698
0.4875,0.00150838,0.000449494
0.4925,0.00107281,0.000387202
0.4975,0.000795108,0.000341039
1.55
-0.4975,0.000529228,0.000171094
-0.4925,0.000899513,0.00022668
-0.4875,0.000529455,0.000170177
-0.4825,0.000961649,0.000224169
-0.4775,0.000538434,0.000164143
-0.4725,0.000921051,0.000210252
-0.4675,0.000388185,0.000133326
-0.4625,0.000354207,0.000125319
-0.4575,0.000598653,0.000159753
-0.4525,0.000354943,0.000117702
-0.4475,0.00064433,0.000148256
-0.4425,0.000825011,0.000163615
-0.4375,0.000570786,0.000136694
-0.4325,0.000540767,0.000138477
-0.4275,0.000233588,9.21994e-05
-0.4225,0.000543288,0.00013945
-0.4175,0.000386554,0.000117101
-0.4125,0.000603109,0.000145864
-0.4075,0.000519793,0.000134911
-0.4025,0.000623577,0.000147617
-0.3975,0.000816021,0.000168681
-0.3925,0.000847337,0.000171841
-0.3875,0.000725686,0.000159064
-0.3825,0.000668124,0.000152725
-0.3775,0.000507754,0.000133159
-0.3725,0.000688849,0.000155259
-0.3675,0.0007189,0.00016409
-0.3625,0.000596602,0.000155572
-0.3575,0.000913633,0.000184116
-0.3525,0.000661227,0.000152734
-0.3475,0.000884111,0.000176744
-0.3425,0.00088954,0.000177558
-0.3375,0.000960308,0.000184571
-0.3325,0.000878578,0.000176817
-0.3275,0.00119799,0.000206771
-0.3225,0.00105455,0.000194217
-0.3175,0.000798559,0.000169274
-0.3125,0.00107426,0.000196416
-0.3075,0.000877641,0.000177797
-0.3025,0.000946264,0.000184841
-0.2975,0.00136881,0.000222536
-0.2925,0.000655497,0.000158008
-0.2875,0.00118306,0.000225208
-0.2825,0.00120464,0.00023422
-0.2775,0.00091266,0.000204092
-0.2725,0.00143371,0.000255993
-0.2675,0.00126519,0.000240769
-0.2625,0.00107025,0.000218891
-0.2575,0.00134493,0.000230429
-0.2525,0.00088084,0.000180441
-0.2475,0.00139926,0.000227681
-0.2425,0.00129179,0.000219077
-0.2375,0.000974688,0.000190554
-0.2325,0.00142939,0.000230978
-0.2275,0.00112974,0.000205742
-0.2225,0.0012558,0.000217227
-0.2175,0.00109367,0.00020291
-0.2125,0.00121612,0.000214802
-0.2075,0.00134246,0.000235267
-0.2025,0.00175254,0.000284445
-0.1975,0.00166733,0.000281543
-0.1925,0.0017786,0.000291125
-0.1875,0.00139364,0.000258115
-0.1825,0.00125503,0.000245197
-0.1775,0.00184707,0.000297929
-0.1725,0.00190586,0.000303126
-0.1675,0.00127537,0.000248125
-0.1625,0.00248397,0.000346853
-0.1575,0.00259342,0.000354945
-0.1525,0.00232435,0.000332474
-0.1475,0.00206595,0.000293893
-0.1425,0.00248364,0.000312017
-0.1375,0.00267076,0.000323952
-0.1325,0.00272369,0.000327714
-0.1275,0.0029573,0.000341907
-0.1225,0.00352982,0.000373958
-0.1175,0.00368218,0.000393507
-0.1125,0.00423654,0.000446992
-0.1075,0.00392663,0.000442939
-0.1025,0.00312305,0.000395489
-0.0975,0.0044502,0.000472812
-0.0925,0.00465969,0.000484339
-0.0875,0.00550035,0.000527028
-0.0825,0.00558702,0.000531948
-0.0775,0.00796497,0.000635912
-0.0725,0.00675393,0.000586266
-0.0675,0.00985893,0.00070923
-0.0625,0.0103885,0.00072896
-0.0575,0.0137544,0.000839676
-0.0525,0.0171604,0.000939574
-0.0475,0.0203674,0.0010241
-0.0425,0.0326186,0.00129876
-0.0375,0.0493887,0.00159967
-0.0325,0.0709,0.00191169
-0.0275,0.116729,0.00231517
-0.0225,0.208739,0.00295695
-0.0175,0.374222,0.00409382
-0.0125,0.664464,0.00577654
-0.0075,1.11397,0.0076546
-0.0025,1.55217,0.00904588
0.0025,1.70708,0.00950108
0.0075,1.27485,0.00821779
0.0125,0.628475,0.00577596
0.0175,0.268425,0.00378064
0.0225,0.131943,0.00265373
0.0275,0.0752932,0.00200737
0.0325,0.0476355,0.0015987
0.0375,0.0304117,0.0012786
0.0425,0.0222741,0.00109556
0.0475,0.0184917,0.000999407
0.0525,0.0166522,0.000949457
0.0575,0.0132874,0.000849185
0.0625,0.0111142,0.000777864
0.0675,0.0103642,0.000751878
0.0725,0.00832602,0.000674737
0.0775,0.00712776,0.000624931
0.0825,0.00735198,0.000635502
0.0875,0.00756394,0.000647423
0.0925,0.00523361,0.000567474
0.0975,0.00548782,0.000624762
0.1025,0.00490112,0.000583112
0.1075,0.00425952,0.000495618
0.1125,0.00361194,0.000448359
0.1175,0.00341679,0.000436737
0.1225,0.0036481,0.000451593
0.1275,0.00357528,0.000447783
0.1325,0.002048,0.000339211
0.1375,0.00328689,0.000430152
0.1425,0.00243629,0.000370807
0.1475,0.00261495,0.0003844
0.1525,0.00237541,0.00036688
0.1575,0.00237028,0.000366914
0.1625,0.00229555,0.000361548
0.1675,0.00217285,0.000352208
0.1725,0.00207606,0.000344701
0.1775,0.00188064,0.000328468
0.1825,0.00200382,0.000339395
0.1875,0.00180594,0.000322689
0.1925,0.00201385,0.000341167
0.1975,0.00160544,0.000304977
0.2025,0.00164285,0.00030892
0.2075,0.00162965,0.000310217
0.2125,0.0017155,0.000338525
0.2175,0.000885154,0.00026045
0.2225,0.00192668,0.000388221
0.2275,0.00151488,0.000344671
0.2325,0.00199588,0.000396203
0.2375,0.00231634,0.00042714
0.2425,0.0029496,0.000482821
0.2475,0.00222439,0.00040588
0.2525,0.000934163,0.000239001
0.2575,0.00121822,0.000269609
0.2625,0.00122003,0.000270208
0.2675,0.00099653,0.000244455
0.2725,0.000840963,0.000224731
0.2775,0.00100691,0.000246133
0.2825,0.000668016,0.000200784
0.2875,0.00121338,0.000270992
0.2925,0.00154139,0.000305622
0.2975,0.000772545,0.000216515
0.3025,0.00110746,0.000259666
0.3075,0.00167895,0.000320049
0.3125,0.00140704,0.000293397
0.3175,0.00129136,0.000281229
0.3225,0.00134594,0.000287558
0.3275,0.00116585,0.000268016
0.3325,0.00135585,0.00028927
0.3375,0.00145358,0.000303397
0.3425,0.00140752,0.000319879
0.3475,0.00181269,0.000386558
0.3525,0.0014906,0.000352009
0.3575,0.00105514,0.000296525
0.3625,0.00109167,0.000302174
0.3675,0.00121956,0.000319889
0.3725,0.000731071,0.000248263
0.3775,0.000956921,0.000284907
0.3825,0.00131483,0.00033503
0.3875,0.000722675,0.000249298
0.3925,0.000945292,0.000286173
0.3975,0.000836391,0.00027071
0.4025,0.0011345,0.000315746
0.4075,0.00130662,0.000309023
0.4125,0.000870077,0.000242831
0.4175,0.000891112,0.000246989
0.4225,0.000885913,0.000247989
0.4275,0.000692598,0.000220505
0.4325,0.000571612,0.000201633
0.4375,0.00102509,0.00027285
0.4425,0.00100934,0.000273253
0.4475,0.000982248,0.000273397
0.4525,0.000909659,0.000266123
0.4575,0.00077818,0.000250246
0.4625,0.0012596,0.000324088
0.4675,0.000970288,0.000288028
0.4725,0.000931851,0.000287718
0.4775,0.00103295,0.000310355
0.4825,0.00133133,0.000380496
0.4875,0.00113929,0.00038656
0.4925,0.000982698,0.000371773
0.4975,0.000957134,0.000373928
1.65
-0.4975,0.00102794,0.000203098
-0.4925,0.000705107,0.000159137
-0.4875,0.00074391,0.000159193
-0.4825,0.000525761,0.000130827
-0.4775,0.000545257,0.000130309
-0.4725,0.000727885,0.000149865
-0.4675,0.000519105,0.000129252
-0.4625,0.000409881,0.000113659
-0.4575,0.000437117,0.000115497
-0.4525,0.00066247,0.00014003
-0.4475,0.000755028,0.000147132
-0.4425,0.000545358,0.00012319
-0.4375,0.000394381,0.000101963
-0.4325,0.000765638,0.000139774
-0.4275,0.000393502,0.000100874
-0.4225,0.000582774,0.000122065
-0.4175,0.000529712,0.000115897
-0.4125,0.00045227,0.000106764
-0.4075,0.000470502,0.000108471
-0.4025,0.000517025,0.000113599
-0.3975,0.000905115,0.000150166
-0.3925,0.000913255,0.0001539
-0.3875,0.000727518,0.000143359
-0.3825,0.000630574,0.000135439
-0.3775,0.00076245,0.000148981
-0.3725,0.000879319,0.00016004
-0.3675,0.000560005,0.000124635
-0.3625,0.000800508,0.000143365
-0.3575,0.000738613,0.000136169
-0.3525,0.000899484,0.000150551
-0.3475,0.000706889,0.000134879
-0.3425,0.00105563,0.000171631
-0.3375,0.000913383,0.000164269
-0.3325,0.000967655,0.000169358
-0.3275,0.000821785,0.000156323
-0.3225,0.00109378,0.000180605
-0.3175,0.000962954,0.000169698
-0.3125,0.000819795,0.000156624
-0.3075,0.000657551,0.000140507
-0.3025,0.00101603,0.000174831
-0.2975,0.000972135,0.00017188
-0.2925,0.00109226,0.000185322
-0.2875,0.000929162,0.000170326
-0.2825,0.000951751,0.00017002
-0.2775,0.000815346,0.000157461
-0.2725,0.000949601,0.00017009
-0.2675,0.00111108,0.000184253
-0.2625,0.00128614,0.000198495
-0.2575,0.000755069,0.000152313
-0.2525,0.00144529,0.000210993
-0.2475,0.00149848,0.000215073
-0.2425,0.00106882,0.000181959
-0.2375,0.001396,0.000213095
-0.2325,0.000972199,0.00018625
-0.2275,0.00138408,0.000227695
-0.2225,0.00138016,0.000227697
-0.2175,0.00108914,0.00020247
-0.2125,0.0011305,0.00020612
-0.2075,0.00142787,0.000223427
-0.2025,0.00151216,0.000220736
-0.1975,0.00116035,0.000191727
-0.1925,0.00154031,0.000221207
-0.1875,0.00153067,0.000220853
-0.1825,0.00150262,0.00021907
-0.1775,0.00185403,0.000245088
-0.1725,0.00144966,0.000225285
-0.1675,0.00139757,0.000230533
-0.1625,0.00146557,0.000238281
-0.1575,0.00191673,0.000272976
-0.1525,0.00206516,0.000283612
-0.1475,0.00216807,0.000291055
-0.1425,0.00227251,0.000298457
-0.1375,0.00240935,0.000307681
-0.1325,0.00338923,0.000365587
-0.1275,0.00249482,0.000314043
-0.1225,0.0028298,0.00033481
-0.1175,0.0034324,0.000359347
-0.1125,0.00357383,0.000350803
-0.1075,0.00382724,0.000361262
-0.1025,0.00466037,0.000415419
-0.0975,0.00454827,0.000426112
-0.0925,0.00457387,0.000429155
-0.0875,0.00587885,0.00048739
-0.0825,0.00538625,0.00046711
-0.0775,0.00688274,0.000528698
-0.0725,0.00691938,0.000530766
-0.0675,0.00850466,0.000589213
-0.0625,0.0102563,0.000647829
-0.0575,0.0128415,0.0007257
-0.0525,0.0151761,0.000790248
-0.0475,0.020013,0.000907991
-0.0425,0.0279969,0.00107626
-0.0375,0.0400615,0.00128861
-0.0325,0.0654894,0.00167106
-0.0275,0.102368,0.002193
-0.0225,0.184793,0.00308488
-0.0175,0.33212,0.00400876
-0.0125,0.597299,0.00509605
-0.0075,1.01338,0.00653007
-0.0025,1.41188,0.00771664
0.0025,1.52057,0.00802035
0.0075,1.1533,0.00699109
0.0125,0.574583,0.00493975
0.0175,0.243998,0.00322397
0.0225,0.118822,0.00225245
0.0275,0.069056,0.00171947
0.0325,0.0430847,0.00135989
0.0375,0.0296499,0.00112917
0.0425,0.023097,0.000997816
0.0475,0.0175215,0.000871451
0.0525,0.0150248,0.00083533
0.0575,0.0145076,0.00086374
0.0625,0.0128886,0.000837604
0.0675,0.0116724,0.000797934
0.0725,0.0107311,0.000765924
0.0775,0.00994008,0.000737899
0.0825,0.00673787,0.000608376
0.0875,0.00651767,0.00059741
0.0925,0.00564347,0.000531383
0.0975,0.00640243,0.000537966
0.1025,0.00500916,0.000471372
0.1075,0.00437294,0.000440819
0.1125,0.00427243,0.000436154
0.1175,0.00344875,0.000392443
0.1225,0.00349946,0.000395609
0.1275,0.00305529,0.000370221
0.1325,0.00326945,0.000383359
0.1375,0.00246283,0.000333756
0.1425,0.00299586,0.000381421
0.1475,0.00331476,0.000421725
0.1525,0.00256716,0.000381419
0.1575,0.00260829,0.00038495
0.1625,0.00257056,0.000382589
0.1675,0.00209059,0.000345458
0.1725,0.00271298,0.000394044
0.1775,0.00190345,0.00033046
0.1825,0.00246666,0.000376533
0.1875,0.00213486,0.000350912
0.1925,0.00211181,0.000349349
0.1975,0.00240888,0.000373618
0.2025,0.00204822,0.000344929
0.2075,0.00178263,0.000319929
0.2125,0.0019252,0.000315893
0.2175,0.00188038,0.000298116
0.2225,0.00226551,0.000326077
0.2275,0.00224165,0.000324794
0.2325,0.00272188,0.000358389
0.2375,0.00303168,0.000381903
0.2425,0.00489066,0.000507235
0.2475,0.00367308,0.00046129
0.2525,0.00157112,0.000305928
0.2575,0.00188062,0.000334943
0.2625,0.00139185,0.000288599
0.2675,0.00178855,0.000327416
0.2725,0.00183608,0.000332139
0.2775,0.00148935,0.000299363
0.2825,0.00174217,0.000324252
0.2875,0.000811889,0.000221648
0.2925,0.00139356,0.000290593
0.2975,0.00124026,0.000274388
0.3025,0.00175011,0.000326398
0.3075,0.00119339,0.000269869
0.3125,0.00156409,0.000309399
0.3175,0.00164213,0.000317157
0.3225,0.00123708,0.00027567
0.3275,0.00164011,0.000317911
0.3325,0.0013284,0.000286269
0.3375,0.00161046,0.000312155
0.3425,0.00193915,0.000324154
0.3475,0.00123337,0.000256133
0.3525,0.00129006,0.000274679
0.3575,0.00140162,0.000295886
0.3625,0.00146399,0.000303018
0.3675,0.00117787,0.000272343
0.3725,0.00107939,0.000261292
0.3775,0.000837721,0.000230845
0.3825,0.00141617,0.000301097
0.3875,0.00100345,0.000254318
0.3925,0.00104458,0.000260638
0.3975,0.00126363,0.000288122
0.4025,0.00169327,0.000334929
0.4075,0.00122019,0.00028564
0.4125,0.000845213,0.00023919
0.4175,0.000878736,0.000245396
0.4225,0.00112368,0.000279096
0.4275,0.00167731,0.000343204
0.4325,0.00143515,0.000319819
0.4375,0.00105507,0.000276855
0.4425,0.00115721,0.000293258
0.4475,0.00156838,0.000344777
0.4525,0.00177922,0.00037249
0.4575,0.00145657,0.000342332
0.4625,0.00130882,0.000338386
0.4675,0.00249055,0.00050418
0.4725,0.00162504,0.000437941
0.4775,0.00123077,0.000388366
0.4825,0.000927302,0.000319901
0.4875,0.00115523,0.000343349
0.4925,0.000779013,0.000285954
0.4975,0.00158353,0.000415939
1.75
-0.4975,0.000597764,0.000245975
-0.4925,0.000934417,0.000298544
-0.4875,0.00102932,0.000306015
-0.4825,0.000677081,0.00024234
-0.4775,0.000505622,0.000206423
-0.4725,0.000677882,0.000222143
-0.4675,0.000810028,0.00021932
-0.4625,0.000432201,0.000154784
-0.4575,0.000522597,0.000167475
-0.4525,0.000528043,0.000165464
-0.4475,0.000557668,0.000167367
-0.4425,0.000683597,0.000182469
-0.4375,0.00064465,0.000173503
-0.4325,0.000577079,0.000153415
-0.4275,0.000298318,0.000104431
-0.4225,0.000730047,0.000161672
-0.4175,0.00064756,0.000151597
-0.4125,0.000769574,0.000164762
-0.4075,0.000607475,0.000145863
-0.4025,0.000439274,0.000123885
-0.3975,0.000486415,0.000130249
-0.3925,0.000593236,0.000139918
-0.3875,0.000918894,0.000165748
-0.3825,0.000367494,0.000103402
-0.3775,0.000676215,0.00014028
-0.3725,0.000689859,0.000141767
-0.3675,0.000898665,0.00016203
-0.3625,0.000681982,0.000141221
-0.3575,0.000669099,0.000139989
-0.3525,0.000864874,0.000159448
-0.3475,0.000948719,0.000165332
-0.3425,0.00100192,0.000163411
-0.3375,0.000843157,0.000146247
-0.3325,0.00090683,0.000151794
-0.3275,0.000953932,0.000155954
-0.3225,0.00113032,0.000169956
-0.3175,0.000983247,0.000158738
-0.3125,0.000844491,0.00014717
-0.3075,0.000927956,0.000154524
-0.3025,0.000792678,0.000142974
-0.2975,0.00067973,0.000132073
-0.2925,0.00122364,0.000172188
-0.2875,0.00100497,0.000151746
-0.2825,0.00102075,0.000152449
-0.2775,0.000946243,0.000146939
-0.2725,0.00118644,0.000164681
-0.2675,0.00121424,0.000166804
-0.2625,0.00106247,0.000156235
-0.2575,0.00105992,0.000156252
-0.2525,0.00107392,0.000157503
-0.2475,0.00106265,0.000156854
-0.2425,0.0013055,0.000174117
-0.2375,0.00108333,0.00015618
-0.2325,0.00128477,0.000165346
-0.2275,0.00086186,0.000133922
-0.2225,0.00118966,0.000157582
-0.2175,0.00118161,0.000157206
-0.2125,0.00124006,0.000161295
-0.2075,0.00107202,0.000152859
-0.2025,0.00146543,0.000185197
-0.1975,0.00164379,0.000197671
-0.1925,0.00146586,0.000186871
-0.1875,0.0014795,0.000188033
-0.1825,0.00145165,0.00018647
-0.1775,0.00160618,0.000197593
-0.1725,0.00168571,0.000204573
-0.1675,0.00157534,0.000195923
-0.1625,0.0015365,0.000192915
-0.1575,0.00217617,0.000229929
-0.1525,0.00186443,0.000213015
-0.1475,0.00211715,0.000227363
-0.1425,0.00184738,0.0002142
-0.1375,0.00241477,0.00025361
-0.1325,0.0023597,0.000257671
-0.1275,0.00306134,0.000294032
-0.1225,0.00293884,0.000288338
-0.1175,0.00304347,0.000293855
-0.1125,0.00343476,0.000312503
-0.1075,0.0037939,0.000325891
-0.1025,0.00351687,0.00030647
-0.0975,0.00387453,0.000324463
-0.0925,0.00469886,0.000366949
-0.0875,0.00521598,0.000387936
-0.0825,0.00534456,0.000393288
-0.0775,0.00687332,0.00044655
-0.0725,0.0074797,0.000466381
-0.0675,0.00768813,0.000473455
-0.0625,0.00973048,0.000533298
-0.0575,0.0108963,0.000568559
-0.0525,0.0139501,0.000666888
-0.0475,0.0185434,0.000795026
-0.0425,0.026281,0.000951873
-0.0375,0.0369579,0.00112985
-0.0325,0.0609182,0.00143657
-0.0275,0.10081,0.00178758
-0.0225,0.184244,0.00235166
-0.0175,0.334641,0.00316335
-0.0125,0.6029,0.00425015
-0.0075,1.00336,0.00552445
-0.0025,1.42484,0.00680835
0.0025,1.51447,0.00726849
0.0075,1.09985,0.00623223
0.0125,0.513493,0.00426288
0.0175,0.211541,0.00274034
0.0225,0.106721,0.00194871
0.0275,0.0612716,0.00147856
0.0325,0.0391198,0.00118291
0.0375,0.0317602,0.00106681
0.0425,0.0242842,0.00093398
0.0475,0.0211567,0.000876866
0.0525,0.0179793,0.000815305
0.0575,0.0159171,0.000767001
0.0625,0.0156556,0.000753752
0.0675,0.0145867,0.000728315
0.0725,0.0114254,0.000645317
0.0775,0.00909671,0.000576414
0.0825,0.00860573,0.000561362
0.0875,0.0075479,0.000526482
0.0925,0.00545922,0.000448217
0.0975,0.00450395,0.000407423
0.1025,0.0046585,0.000414988
0.1075,0.0036864,0.000370477
0.1125,0.00387935,0.000392251
0.1175,0.00319633,0.000371243
0.1225,0.00325146,0.000381345
0.1275,0.00292821,0.000362426
0.1325,0.00288273,0.00035997
0.1375,0.00233427,0.000323571
0.1425,0.00245343,0.000321719
0.1475,0.00204103,0.000282375
0.1525,0.00242296,0.000302551
0.1575,0.00228741,0.000294293
0.1625,0.00271083,0.000320782
0.1675,0.00226457,0.000293513
0.1725,0.00255867,0.000312459
0.1775,0.00146717,0.000240742
0.1825,0.0019035,0.000284983
0.1875,0.00164151,0.000274118
0.1925,0.00222671,0.000320857
0.1975,0.00238007,0.000332155
0.2025,0.00273602,0.000356512
0.2075,0.00148369,0.000262847
0.2125,0.0019437,0.00030133
0.2175,0.00144747,0.000260184
0.2225,0.00235083,0.000332167
0.2275,0.00206591,0.000311771
0.2325,0.00226472,0.0003269
0.2375,0.00253338,0.000343005
0.2425,0.0037588,0.000402864
0.2475,0.0026825,0.000328889
0.2525,0.00111367,0.000215609
0.2575,0.000987849,0.000210921
0.2625,0.00168618,0.000283782
0.2675,0.00156688,0.000274102
0.2725,0.00164278,0.000280985
0.2775,0.0010382,0.000223545
0.2825,0.000832484,0.000200462
0.2875,0.000978481,0.000217658
0.2925,0.00142119,0.00026247
0.2975,0.00083862,0.000201788
0.3025,0.00130053,0.000251667
0.3075,0.00100439,0.0002214
0.3125,0.00131789,0.000254003
0.3175,0.00121292,0.000243857
0.3225,0.000787004,0.000196678
0.3275,0.00117533,0.000240738
0.3325,0.00118246,0.000247478
0.3375,0.00144089,0.000285745
0.3425,0.0011492,0.000265443
0.3475,0.00174924,0.000318026
0.3525,0.001209,0.000252344
0.3575,0.000821953,0.00020275
0.3625,0.00136301,0.000261549
0.3675,0.00100889,0.000225459
0.3725,0.000863647,0.000209074
0.3775,0.00122752,0.000249977
0.3825,0.000703037,0.000189718
0.3875,0.00119093,0.000247889
0.3925,0.000999109,0.000227983
0.3975,0.00113541,0.00024436
0.4025,0.00109189,0.000240706
0.4075,0.0014427,0.000278106
0.4125,0.00120527,0.00025575
0.4175,0.0010339,0.00023959
0.4225,0.0010142,0.000247382
0.4275,0.000870681,0.000241307
0.4325,0.00121306,0.000294215
0.4375,0.000729787,0.000229982
0.4425,0.000965293,0.000267417
0.4475,0.00116823,0.000298121
0.4525,0.00112565,0.000296662
0.4575,0.000790807,0.000252033
0.4625,0.000785911,0.000249157
0.4675,0.000918085,0.000260938
0.4725,0.000914735,0.000255605
0.4775,0.00118979,0.000297344
0.4825,0.00108164,0.000288783
0.4875,0.00166207,0.000365412
0.4925,0.000861471,0.000269236
0.4975,0.00108721,0.000308589
