Index, Spectrum No, Detector ID(s), R, Theta, Q, Phi, Monitor
0	3	3	1.45	27.07	0.4416813338217	0	no
1	4	4	1.45	29.7	0.4836718818802	0	no
2	5	5	1.45	32.32	0.5252494850178	0	no
3	6	6	1.45	34.95	0.5667096154061	0	no
4	7	7	1.45	37.58	0.6078712434418	0	no
5	8	8	1.45	40.21	0.6487126881043	0	no
6	9	9	1.45	42.83	0.6890591196662	0	no
7	10	10	1.45	45.46	0.7291972609506	0	no
8	11	11	1.45	48.08	0.7688009107323	0	no
9	12	12	1.45	50.71	0.808151513239	0	no
10	13	13	1.45	53.34	0.8470764389591	0	no
11	14	14	1.45	55.96	0.885409748632	0	no
12	15	15	1.45	58.59	0.9234238587847	0	no
13	16	16	1.45	61.21	0.9608098301163	0	no
14	17	17	1.45	63.84	0.9978333468729	0	no
15	18	18	1.45	66.47	1.034331275933	0	no
16	19	19	1.45	69.1	1.07028439278	0	no
17	20	20	1.45	71.72	1.105540290816	0	no
18	21	21	1.45	74.35	1.140349516873	0	no
19	22	22	1.45	76.98	1.174558087843	0	no
20	23	23	1.45	79.6	1.208021460956	0	no
21	24	24	1.45	82.23	1.240977444425	0	no
22	25	25	1.45	84.85	1.273158206163	0	no
23	26	26	1.45	87.48	1.304792439476	0	no
24	27	27	1.45	90.11	1.335739400856	0	no
25	28	28	1.45	92.74	1.365982789643	0	no
26	29	29	1.45	95.36	1.39539580004	0	no
27	30	30	1.45	97.99	1.424187456268	0	no
28	31	31	1.45	100.61	1.452123769575	0	no
29	32	32	1.45	103.24	1.47940327	0	no
30	33	33	1.45	105.87	1.505903525915	0	no
31	34	34	1.45	108.5	1.531610578868	0	no
32	35	35	1.45	111.12	1.556417754795	0	no
33	36	36	1.45	113.75	1.580501346448	0	no
34	37	37	1.45	116.38	1.603752442309	0	no
35	38	38	1.45	119	1.626075214977	0	no
36	39	39	1.45	121.63	1.647628301739	0	no
37	40	40	1.45	124.26	1.668313534999	0	no
38	41	41	1.45	126.88	1.688046386988	0	no
39	42	42	1.45	129.51	1.706967089663	0	no
40	43	43	1.45	132.13	1.724921875155	0	no
41	44	44	1.45	134.76	1.742038339552	0	no
42	45	45	1.45	137.39	1.758237221949	0	no
43	46	46	1.45	140.02	1.773509989925	0	no
44	47	47	1.45	142.64	1.787795858334	0	no
45	48	48	1.45	145.26	1.801147190102	0	no
46	49	49	1.45	147.89	1.813602559678	0	no
47	50	50	1.45	150.52	1.825102652308	0	no
48	51	51	1.45	153.15	1.83564141056	0	no
49	52	52	1.45	155.77	1.845178726122	0	no
50	53	53	1.45	158.4	1.853782376144	0	no
